Periodicity
Lx 446.182407
Ly 104.60364
T_ext 0
Cell Types
1.5 1.5 25980.7621 0.001
1.5 1.5 25980.7621 0.001
1.24168702e-43 8.64945755e-275 -4.82633047e+178 1.11838206e-67
-7.2958264e-299 1.09885877e+275 -1.20368314e-303 -2.4321563e+135
1 1
1 1 1.5
2.95152691e-211 1.73381437e-283 -8.91013894e+275 -6.32420965e+227
-1.27765608e+223 -3.01616148e+266 6.49821209e-293 1.20649044e-220 1.46509235e-143
50 25
50 25 25
-0.181694956 -2.48783466e-30 -9.53375021e-45 -1.56143824e-49
1.96281811e-280 1.26646195e-169 2.3383466e-44 1.25491323e+96 1.87239708e+250
0 25
0 25 25
-9.35805212e-44 -2.00822155e+53 -2.82493822e+154 -2.60420959e+260
-1.24941354e-72 -1.68704696e+82 -1.49281714e+241 2.68037658e-212 6.67960946e-39
Vertices
392 44.4343226 51.6759578 100.12126 44.4343226 51.6759578 -0.121259979 LineTension 0
391 39.4015869 42.9590002 100.122433 39.4015869 42.9590002 -0.12243316 LineTension 0
390 44.4343396 34.2420476 100.12124 44.4343396 34.2420476 -0.121239829 LineTension 0
389 39.4016011 25.5250504 100.122475 39.4016011 25.5250504 -0.122474626 LineTension 0
388 44.4343581 16.808083 100.121222 44.4343581 16.808083 -0.121221884 LineTension 0
387 39.4016005 8.09112633 100.122451 39.4016005 8.09112633 -0.122451123 LineTension 0
386 44.434323 103.977777 100.121261 44.434323 103.977777 -0.1212607 LineTension 0
385 39.4015882 95.2608218 100.122433 39.4015882 95.2608218 -0.122432883 LineTension 0
384 44.4343375 86.543868 100.121239 44.4343375 86.543868 -0.121239329 LineTension 0
383 39.4016005 77.8268715 100.122475 39.4016005 77.8268715 -0.122475133 LineTension 0
382 44.4343594 69.1099049 100.121221 44.4343594 69.1099049 -0.121220587 LineTension 0
381 39.4016 60.3929482 100.122452 39.4016 60.3929482 -0.122452252 LineTension 0
380 29.6348987 60.3929611 100.1242 29.6348987 60.3929611 -0.124199777 LineTension 0
379 24.6021559 51.6759599 100.124961 24.6021559 51.6759599 -0.124960538 LineTension 0
378 29.6349169 42.9589891 100.124181 29.6349169 42.9589891 -0.12418057 LineTension 0
377 24.602158 34.2420401 100.124935 24.602158 34.2420401 -0.124935424 LineTension 0
376 29.6348714 25.5250507 100.124221 29.6348714 25.5250507 -0.124220529 LineTension 0
375 24.6021419 16.808091 100.124917 24.6021419 16.808091 -0.124917084 LineTension 0
374 29.6349026 8.09114127 100.124199 29.6349026 8.09114127 -0.124198683 LineTension 0
373 24.6021532 103.977781 100.124961 24.6021532 103.977781 -0.124961467 LineTension 0
372 29.6349146 95.2608086 100.12418 29.6349146 95.2608086 -0.124180345 LineTension 0
371 24.602159 86.5438555 100.124935 24.602159 86.5438555 -0.124935191 LineTension 0
370 29.6348748 77.8268677 100.124221 29.6348748 77.8268677 -0.124221314 LineTension 0
369 24.6021418 69.1099111 100.124916 24.6021418 69.1099111 -0.124915661 LineTension 0
368 14.8360688 51.6759608 100.126112 14.8360688 51.6759608 -0.126112249 LineTension 0
367 9.80334457 42.9589959 100.126384 9.80334457 42.9589959 -0.126384233 LineTension 0
366 14.8361083 34.2420554 100.126089 14.8361083 34.2420554 -0.126089304 LineTension 0
365 9.80336156 25.5250517 100.126431 9.80336156 25.5250517 -0.126431248 LineTension 0
364 14.8361166 16.8080706 100.126071 14.8361166 16.8080706 -0.126070927 LineTension 0
363 9.80336101 8.09112908 100.126403 9.80336101 8.09112908 -0.126402731 LineTension 0
362 14.8360682 103.977783 100.126113 14.8360682 103.977783 -0.126113188 LineTension 0
361 9.80334796 95.2608192 100.126384 9.80334796 95.2608192 -0.126383684 LineTension 0
360 14.8361068 86.5438751 100.126089 14.8361068 86.5438751 -0.126088927 LineTension 0
359 9.80335819 77.8268732 100.126432 9.80335819 77.8268732 -0.126432412 LineTension 0
358 14.8361193 69.1098939 100.12607 14.8361193 69.1098939 -0.126069518 LineTension 0
357 9.80336381 60.3929494 100.126404 9.80336381 60.3929494 -0.12640386 LineTension 0
356 0.0375958705 60.3929689 100.12647 0.0375958705 60.3929689 -0.126470141 LineTension 0
355 441.18725 51.6759687 100.126498 441.18725 51.6759687 -0.126498245 LineTension 0
354 0.0375986332 42.9589768 100.126451 0.037598633 42.9589768 -0.126450561 LineTension 0
353 441.187243 34.2420403 100.126469 441.187243 34.2420403 -0.126468688 LineTension 0
352 0.0375502141 25.5250552 100.126495 0.0375502142 25.5250552 -0.126495104 LineTension 0
351 441.187232 16.808083 100.126448 441.187232 16.808083 -0.126448198 LineTension 0
350 0.0375891104 8.09114893 100.126469 0.0375891104 8.09114893 -0.126468568 LineTension 0
349 441.187248 103.977784 100.1265 441.187248 103.977784 -0.126499953 LineTension 0
348 0.0376056118 95.2607962 100.12645 0.0376056117 95.2607962 -0.126450314 LineTension 0
347 441.187244 86.5438638 100.126468 441.187244 86.5438638 -0.126467578 LineTension 0
346 0.0375430254 77.8268724 100.126496 0.0375430255 77.8268724 -0.12649629 LineTension 0
345 441.187232 69.1098991 100.126448 441.187232 69.1098991 -0.126447738 LineTension 0
344 431.421444 51.6759645 100.126431 431.421444 51.6759645 -0.126431196 LineTension 0
343 426.388719 42.9589896 100.126065 426.388719 42.9589896 -0.126064863 LineTension 0
342 431.421464 34.2420582 100.126403 431.421464 34.2420582 -0.126402711 LineTension 0
341 426.388734 25.5250509 100.126118 426.388734 25.5250509 -0.126118014 LineTension 0
340 431.421502 16.8080649 100.126384 431.421502 16.8080649 -0.126383888 LineTension 0
339 426.388723 8.09114311 100.126085 426.388723 8.09114311 -0.126085176 LineTension 0
338 431.421418 103.977782 100.126432 431.421418 103.977782 -0.126432062 LineTension 0
337 426.388712 95.2607983 100.126064 426.388712 95.2607983 -0.126064329 LineTension 0
336 431.421488 86.5438861 100.126402 431.421488 86.5438861 -0.126402017 LineTension 0
335 426.38874 77.8268879 100.126119 426.38874 77.8268879 -0.126119283 LineTension 0
334 431.421479 69.1098827 100.126383 431.421479 69.1098827 -0.126382722 LineTension 0
333 426.388715 60.3929486 100.126087 426.388715 60.3929486 -0.126087117 LineTension 0
332 416.622674 60.3929676 100.124933 416.622674 60.3929676 -0.12493307 LineTension 0
331 411.589934 51.6759699 100.124228 411.589934 51.6759699 -0.124227837 LineTension 0
330 416.6227 42.9589828 100.124913 416.6227 42.9589828 -0.124912872 LineTension 0
329 411.589927 34.2420503 100.124196 411.589927 34.2420503 -0.124196062 LineTension 0
328 416.622637 25.5250426 100.124963 416.622637 25.5250426 -0.124963027 LineTension 0
327 411.589904 16.8080674 100.124172 411.589904 16.8080674 -0.124172372 LineTension 0
326 416.622676 8.09116078 100.124931 416.622676 8.09116078 -0.124931294 LineTension 0
325 411.589958 103.977791 100.124229 411.589958 103.977791 -0.124229271 LineTension 0
324 416.622698 95.2607877 100.124912 416.622698 95.2607877 -0.124912203 LineTension 0
323 411.589903 86.54387 100.124195 411.589903 86.54387 -0.124194808 LineTension 0
322 416.622638 77.8268771 100.124965 416.622638 77.8268771 -0.124964753 LineTension 0
321 411.589929 69.1098904 100.124172 411.589929 69.1098904 -0.124171678 LineTension 0
320 401.823205 51.6759531 100.122479 401.823205 51.6759531 -0.12247948 LineTension 0
319 396.790469 42.958981 100.121211 396.790469 42.958981 -0.121210876 LineTension 0
318 401.823217 34.2420635 100.122448 401.823217 34.2420635 -0.122447941 LineTension 0
317 396.790509 25.5250531 100.121267 396.790509 25.5250531 -0.121267475 LineTension 0
316 401.823263 16.8080688 100.122427 401.823263 16.8080688 -0.122426678 LineTension 0
315 396.790468 8.09114863 100.121235 396.790468 8.09114863 -0.121235018 LineTension 0
314 401.823191 103.977776 100.122481 401.823191 103.977776 -0.122481104 LineTension 0
313 396.790471 95.2607938 100.12121 396.790471 95.2607938 -0.121209898 LineTension 0
312 401.823231 86.5438854 100.122446 401.823231 86.5438854 -0.12244631 LineTension 0
311 396.790506 77.8268815 100.12127 396.790506 77.8268815 -0.121269555 LineTension 0
310 401.82325 69.1098915 100.122426 401.82325 69.1098915 -0.122425909 LineTension 0
309 396.79047 60.3929605 100.121236 396.79047 60.3929605 -0.121236341 LineTension 0
308 387.022732 60.3929697 100.118344 387.022732 60.3929697 -0.118343783 LineTension 0
307 381.990007 51.6759671 100.116477 381.990007 51.6759671 -0.11647659 LineTension 0
306 387.022753 42.9589904 100.11832 387.022753 42.9589904 -0.11832047 LineTension 0
305 381.989982 34.242052 100.116445 381.989982 34.242052 -0.116444861 LineTension 0
304 387.022716 25.5250358 100.118375 387.022716 25.5250358 -0.118375362 LineTension 0
303 381.989964 16.8080744 100.116419 381.989964 16.8080744 -0.116419167 LineTension 0
302 387.022715 8.09115656 100.118342 387.022715 8.09115656 -0.11834197 LineTension 0
301 381.990021 103.977777 100.116477 381.990021 103.977777 -0.116477006 LineTension 0
300 387.02277 95.2608019 100.11832 387.02277 95.2608019 -0.118320308 LineTension 0
299 381.989969 86.5438834 100.116445 381.989969 86.5438834 -0.11644476 LineTension 0
298 387.022698 77.8268642 100.118377 387.022698 77.8268642 -0.118377143 LineTension 0
297 381.989977 69.1098845 100.116417 381.989977 69.1098845 -0.116416836 LineTension 0
296 372.220521 51.6759531 100.111883 372.220521 51.6759531 -0.111882577 LineTension 0
295 367.187794 42.9589783 100.108826 367.187794 42.9589783 -0.108826422 LineTension 0
294 372.220553 34.2420548 100.111851 372.220553 34.2420548 -0.111851142 LineTension 0
293 367.187825 25.5250543 100.108883 367.187825 25.5250543 -0.108883442 LineTension 0
292 372.220569 16.8080865 100.111827 372.220569 16.8080865 -0.111827082 LineTension 0
291 367.18781 8.0911421 100.108853 367.18781 8.0911421 -0.108853205 LineTension 0
290 372.220544 103.977763 100.111884 372.220544 103.977763 -0.111883805 LineTension 0
289 367.187776 95.2608089 100.108826 367.187776 95.2608089 -0.10882573 LineTension 0
288 372.220532 86.5438852 100.11185 372.220532 86.5438852 -0.111849971 LineTension 0
287 367.187843 77.8268596 100.108886 367.187843 77.8268596 -0.108885681 LineTension 0
286 372.22059 69.1098955 100.111825 372.22059 69.1098955 -0.111825283 LineTension 0
285 367.187792 60.3929752 100.108854 367.187792 60.3929752 -0.108854177 LineTension 0
284 357.415729 60.3929726 100.101752 357.415729 60.3929726 -0.101751815 LineTension 0
283 352.383023 51.6759563 100.097042 352.383023 51.6759563 -0.0970423174 LineTension 0
282 357.415748 42.9589868 100.101725 357.415748 42.9589868 -0.101725272 LineTension 0
281 352.382977 34.2420534 100.097013 352.382977 34.2420534 -0.0970127219 LineTension 0
280 357.415719 25.5250462 100.101782 357.415719 25.5250462 -0.101781588 LineTension 0
279 352.382974 16.8080826 100.096986 352.382974 16.8080826 -0.0969864873 LineTension 0
278 357.415717 8.09113989 100.101751 357.415717 8.09113989 -0.101750783 LineTension 0
277 352.383003 103.977771 100.097043 352.383003 103.977771 -0.0970427335 LineTension 0
276 357.415761 95.2608196 100.101725 357.415761 95.2608196 -0.101724999 LineTension 0
275 352.382999 86.5438813 100.097013 352.382999 86.5438813 -0.0970125895 LineTension 0
274 357.415707 77.8268535 100.101784 357.415707 77.8268535 -0.101783915 LineTension 0
273 352.382951 69.1098939 100.096984 352.382951 69.1098939 -0.0969837422 LineTension 0
272 342.606764 51.6759575 100.08589 342.606764 51.6759575 -0.0858901434 LineTension 0
271 337.574024 42.9589902 100.078674 337.574024 42.9589902 -0.0786740356 LineTension 0
270 342.606791 34.2420507 100.08586 342.606791 34.2420507 -0.0858602553 LineTension 0
269 337.574057 25.5250477 100.078729 337.574057 25.5250477 -0.0787294396 LineTension 0
268 342.606804 16.8080868 100.085834 342.606804 16.8080868 -0.0858339791 LineTension 0
267 337.574053 8.09113922 100.0787 337.574053 8.09113922 -0.0787002357 LineTension 0
266 342.606778 103.977769 100.085891 342.606778 103.977769 -0.0858905655 LineTension 0
265 337.574012 95.2608144 100.078674 337.574012 95.2608144 -0.0786742073 LineTension 0
264 342.606779 86.5438758 100.08586 342.606779 86.5438758 -0.085859715 LineTension 0
263 337.574071 77.8268591 100.078731 337.574071 77.8268591 -0.0787311242 LineTension 0
262 342.606814 69.1098985 100.085831 342.606814 69.1098985 -0.0858312493 LineTension 0
261 337.574041 60.3929678 100.078702 337.574041 60.3929678 -0.0787016292 LineTension 0
260 327.791478 60.3929648 100.061532 327.791478 60.3929648 -0.0615324831 LineTension 0
259 322.758753 51.6759514 100.050451 322.758753 51.6759514 -0.050451335 LineTension 0
258 327.791501 42.9589859 100.061504 327.791501 42.9589859 -0.0615036561 LineTension 0
257 322.758731 34.2420507 100.050423 322.758731 34.2420507 -0.0504228897 LineTension 0
256 327.791456 25.5250505 100.061561 327.791456 25.5250505 -0.0615607803 LineTension 0
255 322.758715 16.8080849 100.050398 322.758715 16.8080849 -0.0503981361 LineTension 0
254 327.791481 8.09113932 100.061531 327.791481 8.09113932 -0.0615313517 LineTension 0
253 322.758741 103.977777 100.050452 322.758741 103.977777 -0.0504522368 LineTension 0
252 327.791497 95.2608146 100.061504 327.791497 95.2608146 -0.0615039953 LineTension 0
251 322.758743 86.5438689 100.050422 322.758743 86.5438689 -0.0504221162 LineTension 0
250 327.791462 77.8268633 100.061563 327.791462 77.8268633 -0.0615629233 LineTension 0
249 322.758702 69.1099053 100.050396 322.758702 69.1099053 -0.0503961695 LineTension 0
248 312.966324 51.675958 100.02403 312.966324 51.675958 -0.0240299909 LineTension 0
247 307.933577 42.9589983 100.006906 307.933577 42.9589983 -0.00690550367 LineTension 0
246 312.966351 34.2420569 100.024 312.966351 34.2420569 -0.0240004722 LineTension 0
245 307.933614 25.5250445 100.006958 307.933614 25.5250445 -0.00695823882 LineTension 0
244 312.966374 16.8080746 100.023973 312.966374 16.8080746 -0.0239727249 LineTension 0
243 307.933604 8.09113701 100.006928 307.933604 8.09113701 -0.0069284949 LineTension 0
242 312.966321 103.977779 100.02403 312.966321 103.977779 -0.0240304277 LineTension 0
241 307.933583 95.2608145 100.006906 307.933583 95.2608145 -0.00690624261 LineTension 0
240 312.966354 86.5438725 100.023999 312.966354 86.5438725 -0.0239994822 LineTension 0
239 307.933611 77.8268668 100.00696 307.933611 77.8268668 -0.00695962874 LineTension 0
238 312.966369 69.1098978 100.023971 312.966369 69.1098978 -0.0239707043 LineTension 0
237 307.933609 60.3929574 100.00693 307.933609 60.3929574 -0.00693014959 LineTension 0
236 298.126115 60.3929674 99.9664293 298.126115 60.3929674 0.0335706926 LineTension 0
235 293.093374 51.6759526 99.9403188 293.093374 51.6759526 0.0596812174 LineTension 0
234 298.126137 42.9589807 99.9664 298.126137 42.9589807 0.0335999628 LineTension 0
233 293.093372 34.2420502 99.9402895 293.093372 34.2420502 0.0597104939 LineTension 0
232 298.126073 25.5250477 99.966459 298.126073 25.5250477 0.0335409638 LineTension 0
231 293.093344 16.8080859 99.9402693 293.093344 16.8080859 0.0597307259 LineTension 0
230 298.126117 8.09115252 99.9664282 298.126117 8.09115252 0.0335717527 LineTension 0
229 293.093377 103.977778 99.9403194 293.093377 103.977778 0.0596806203 LineTension 0
228 298.126136 95.2608013 99.966401 298.126136 95.2608013 0.0335990464 LineTension 0
227 293.093368 86.5438686 99.940289 293.093368 86.5438686 0.0597109906 LineTension 0
226 298.126077 77.8268689 99.9664611 298.126077 77.8268689 0.0335389245 LineTension 0
225 293.093347 69.1099038 99.9402675 293.093347 69.1099038 0.0597325357 LineTension 0
224 283.262571 51.6759572 99.8780804 283.262571 51.6759572 0.12191957 LineTension 0
223 278.22988 42.958988 99.8379146 278.22988 42.958988 0.162085352 LineTension 0
222 283.26263 34.2420688 99.8780486 283.26263 34.2420688 0.121951369 LineTension 0
221 278.229918 25.5250444 99.8379604 278.229918 25.5250444 0.162039613 LineTension 0
220 283.262646 16.8080632 99.8780208 283.262646 16.8080632 0.121979239 LineTension 0
219 278.229906 8.09114415 99.8379325 278.229906 8.09114415 0.162067546 LineTension 0
218 283.262577 103.977777 99.878081 283.262577 103.977777 0.121919038 LineTension 0
217 278.229883 95.2608111 99.8379144 278.229883 95.2608111 0.162085573 LineTension 0
216 283.262623 86.5438866 99.8780474 283.262623 86.5438866 0.12195264 LineTension 0
215 278.229916 77.8268619 99.8379631 278.229916 77.8268619 0.16203687 LineTension 0
214 283.262651 69.1098859 99.8780193 283.262651 69.1098859 0.121980705 LineTension 0
213 278.229908 60.3929692 99.8379325 278.229908 60.3929692 0.162067488 LineTension 0
212 268.36327 60.3929834 99.7422649 268.36327 60.3929834 0.257735114 LineTension 0
211 263.330655 51.6759535 99.6806439 263.330655 51.6759535 0.31935608 LineTension 0
210 268.363276 42.9589662 99.742236 268.363276 42.9589662 0.257763989 LineTension 0
209 263.330627 34.242066 99.6806168 263.330627 34.242066 0.319383175 LineTension 0
208 268.363211 25.5250497 99.7422974 268.363211 25.5250497 0.257702618 LineTension 0
207 263.330602 16.808075 99.6806033 263.330602 16.808075 0.319396669 LineTension 0
206 268.363255 8.09116375 99.7422635 268.363255 8.09116375 0.257736473 LineTension 0
205 263.330648 103.977767 99.6806437 263.330648 103.977767 0.319356315 LineTension 0
204 268.363291 95.2607916 99.7422376 268.363291 95.2607916 0.257762388 LineTension 0
203 263.330632 86.5438935 99.6806167 263.330632 86.5438935 0.319383328 LineTension 0
202 268.363197 77.826864 99.7422991 268.363197 77.826864 0.257700911 LineTension 0
201 263.330596 69.1098842 99.6806012 263.330596 69.1098842 0.319398823 LineTension 0
200 253.408723 51.6759633 99.5322948 253.408723 51.6759633 0.467705191 LineTension 0
199 248.375812 42.9589684 99.4436878 248.375812 42.9589684 0.556312231 LineTension 0
198 253.408785 34.24207 99.5322612 253.408785 34.24207 0.467738774 LineTension 0
197 248.375877 25.5250388 99.4437216 248.375877 25.5250388 0.556278409 LineTension 0
196 253.408795 16.8080597 99.532235 253.408795 16.8080597 0.467764982 LineTension 0
195 248.375849 8.0911705 99.4436993 248.375849 8.0911705 0.556300669 LineTension 0
194 253.408727 103.977773 99.5322953 253.408727 103.977773 0.467704666 LineTension 0
193 248.375798 95.2607907 99.4436868 248.375798 95.2607907 0.556313162 LineTension 0
192 253.408778 86.5438991 99.5322594 253.408778 86.5438991 0.467740603 LineTension 0
191 248.375891 77.8268576 99.443725 248.375891 77.8268576 0.556275019 LineTension 0
190 253.408799 69.1098733 99.5322335 253.408799 69.1098733 0.467766524 LineTension 0
189 248.375834 60.3929927 99.4436986 248.375834 60.3929927 0.556301449 LineTension 0
188 238.964751 60.3929766 99.2309113 238.964751 60.3929766 0.76908867 LineTension 0
187 232.723408 51.675956 98.9016064 232.723408 51.675956 1.09839361 LineTension 0
186 238.964731 42.9589709 99.2308867 238.964731 42.9589709 0.769113284 LineTension 0
185 232.723329 34.2420702 98.9015765 232.723329 34.2420702 1.0984235 LineTension 0
184 238.964749 25.5250541 99.2309424 238.964749 25.5250541 0.769057597 LineTension 0
183 232.72328 16.8080654 98.9015619 232.72328 16.8080654 1.09843813 LineTension 0
182 238.964752 8.09115382 99.2309092 238.964752 8.09115382 0.76909084 LineTension 0
181 232.723402 103.977776 98.901606 232.723402 103.977776 1.09839402 LineTension 0
180 238.964732 95.260794 99.230889 238.964732 95.260794 0.769111028 LineTension 0
179 232.723333 86.543888 98.9015755 232.723333 86.543888 1.09842447 LineTension 0
178 238.964749 77.8268693 99.2309435 238.964749 77.8268693 0.76905647 LineTension 0
177 232.723277 69.109883 98.9015592 232.723277 69.109883 1.09844083 LineTension 0
176 223.128596 51.6759724 98.2605225 223.128596 51.6759724 1.7394775 LineTension 0
175 218.096168 42.9589828 98.2604935 218.096168 42.9589828 1.73950647 LineTension 0
174 223.128638 34.2420418 98.2605072 223.128638 34.2420418 1.73949282 LineTension 0
173 218.09624 25.5250506 98.2605252 218.09624 25.5250506 1.7394748 LineTension 0
172 223.128647 16.8080747 98.2604971 223.128647 16.8080747 1.73950289 LineTension 0
171 218.096193 8.09114886 98.260502 218.096193 8.09114886 1.73949803 LineTension 0
170 223.128596 103.977789 98.2605241 223.128596 103.977789 1.73947593 LineTension 0
169 218.096167 95.2608032 98.2605008 218.096167 95.2608032 1.73949921 LineTension 0
168 223.128638 86.5438631 98.2605052 223.128638 86.5438631 1.73949476 LineTension 0
167 218.09624 77.8268685 98.2605208 218.09624 77.8268685 1.73947923 LineTension 0
166 223.128646 69.1098971 98.2604955 223.128646 69.1098971 1.73950453 LineTension 0
165 218.096192 60.3929652 98.2605092 218.096192 60.3929652 1.73949083 LineTension 0
164 208.501525 60.3929693 98.9015726 208.501525 60.3929693 1.0984274 LineTension 0
163 202.260099 51.6759794 99.2309374 202.260099 51.6759794 0.76906261 LineTension 0
162 208.501492 42.9589773 98.9015681 208.501492 42.9589773 1.09843191 LineTension 0
161 202.260084 34.2420485 99.2309092 202.260084 34.2420485 0.769090778 LineTension 0
160 208.501468 25.5250547 98.901599 208.501468 25.5250547 1.09840097 LineTension 0
159 202.260065 16.8080822 99.2308991 202.260065 16.8080822 0.769100922 LineTension 0
158 208.501487 8.09114802 98.9015786 208.501487 8.09114802 1.09842138 LineTension 0
157 202.260097 103.977764 99.230939 202.260097 103.977764 0.769060997 LineTension 0
156 208.501533 95.2607957 98.9015617 208.501533 95.2607957 1.09843833 LineTension 0
155 202.260085 86.5438984 99.2309074 202.260085 86.5438984 0.769092599 LineTension 0
154 208.501427 77.8268732 98.9016084 208.501427 77.8268732 1.09839156 LineTension 0
153 202.260068 69.1098664 99.2308963 202.260068 69.1098664 0.769103694 LineTension 0
152 192.848954 51.6759735 99.4437237 192.848954 51.6759735 0.556276274 LineTension 0
151 187.816059 42.9589684 99.5322455 187.816059 42.9589684 0.467754546 LineTension 0
150 192.848993 34.2420509 99.4437 192.848993 34.2420509 0.556299962 LineTension 0
149 187.816073 25.5250541 99.5322888 187.816073 25.5250541 0.467711193 LineTension 0
148 192.849 16.8080741 99.443691 192.849 16.8080741 0.556308984 LineTension 0
147 187.816073 8.09115687 99.5322578 187.816073 8.09115687 0.467742238 LineTension 0
146 192.848957 103.977776 99.4437245 192.848957 103.977776 0.556275465 LineTension 0
145 187.816007 95.260792 99.5322458 187.816007 95.260792 0.467754239 LineTension 0
144 192.84899 86.5438889 99.4436996 192.84899 86.5438889 0.556300411 LineTension 0
143 187.816123 77.826871 99.5322916 187.816123 77.826871 0.467708423 LineTension 0
142 192.849004 69.1098749 99.4436887 192.849004 69.1098749 0.556311259 LineTension 0
141 187.816021 60.3929762 99.5322585 187.816021 60.3929762 0.467741515 LineTension 0
140 177.8942 60.3929654 99.6806167 177.8942 60.3929654 0.319383256 LineTension 0
139 172.861617 51.6759625 99.7422941 172.861617 51.6759625 0.257705853 LineTension 0
138 177.894219 42.9589826 99.6806072 177.894219 42.9589826 0.319392844 LineTension 0
137 172.861561 34.2420676 99.7422635 172.861561 34.2420676 0.257736508 LineTension 0
136 177.894179 25.5250559 99.6806433 177.894179 25.5250559 0.319356694 LineTension 0
135 172.861553 16.8080598 99.7422497 172.861553 16.8080598 0.257750295 LineTension 0
134 177.894206 8.09114261 99.680618 177.894206 8.09114261 0.31938201 LineTension 0
133 172.861612 103.977783 99.7422953 172.861612 103.977783 0.257704684 LineTension 0
132 177.894212 95.260801 99.6806056 177.894212 95.260801 0.319394369 LineTension 0
131 172.861565 86.543882 99.742262 172.861565 86.543882 0.257737991 LineTension 0
130 177.894183 77.826871 99.6806463 177.894183 77.826871 0.319353712 LineTension 0
129 172.861551 69.109884 99.7422476 172.861551 69.109884 0.257752384 LineTension 0
128 162.99491 51.6759594 99.8379627 162.99491 51.6759594 0.162037305 LineTension 0
127 157.962184 42.9589731 99.8780318 157.962184 42.9589731 0.12196824 LineTension 0
126 162.994926 34.242049 99.8379331 162.994926 34.242049 0.162066887 LineTension 0
125 157.962248 25.5250527 99.8780771 157.962248 25.5250527 0.121922931 LineTension 0
124 162.994935 16.8080774 99.8379217 162.994935 16.8080774 0.162078281 LineTension 0
123 157.962195 8.09115149 99.8780464 157.962195 8.09115149 0.121953593 LineTension 0
122 162.994912 103.977785 99.8379627 162.994912 103.977785 0.16203726 LineTension 0
121 157.962188 95.2607975 99.8780317 157.962188 95.2607975 0.121968268 LineTension 0
120 162.994923 86.5438674 99.8379329 162.994923 86.5438674 0.1620671 LineTension 0
119 157.962242 77.8268714 99.8780787 157.962242 77.8268714 0.121921297 LineTension 0
118 162.99494 69.1099 99.8379201 162.99494 69.1099 0.162079947 LineTension 0
117 157.962201 60.3929723 99.8780476 157.962201 60.3929723 0.121952365 LineTension 0
116 148.131459 60.3929568 99.9402904 148.131459 60.3929568 0.0597095935 LineTension 0
115 143.09875 51.6759614 99.9664575 143.09875 51.6759614 0.033542522 LineTension 0
114 148.131475 42.9589928 99.9402763 148.131475 42.9589928 0.059723725 LineTension 0
113 143.098705 34.2420592 99.9664292 143.098705 34.2420592 0.0335708204 LineTension 0
112 148.131451 25.5250531 99.9403196 148.131451 25.5250531 0.0596804379 LineTension 0
111 143.098695 16.8080665 99.9664133 143.098695 16.8080665 0.0335866722 LineTension 0
110 148.131462 8.0911316 99.9402888 148.131462 8.0911316 0.059711188 LineTension 0
109 143.098746 103.977782 99.9664577 143.098746 103.977782 0.0335423035 LineTension 0
108 148.131471 95.2608126 99.9402766 148.131471 95.2608126 0.0597234221 LineTension 0
107 143.09871 86.5438785 99.9664281 143.09871 86.5438785 0.0335719099 LineTension 0
106 148.131453 77.8268716 99.9403197 148.131453 77.8268716 0.0596802806 LineTension 0
105 143.098692 69.109891 99.9664121 143.098692 69.109891 0.0335878649 LineTension 0
104 133.291218 51.675961 100.006959 133.291218 51.675961 -0.00695894314 LineTension 0
103 128.258454 42.9589808 100.023984 128.258454 42.9589808 -0.0239844196 LineTension 0
102 133.291224 34.2420411 100.00693 133.291224 34.2420411 -0.0069299123 LineTension 0
101 128.258506 25.5250517 100.024027 128.258506 25.5250517 -0.0240266067 LineTension 0
100 133.291234 16.8080833 100.006916 133.291234 16.8080833 -0.00691597266 LineTension 0
99 128.258468 8.0911455 100.024 128.258468 8.0911455 -0.0239998095 LineTension 0
98 133.291217 103.977786 100.006959 133.291217 103.977786 -0.0069588135 LineTension 0
97 128.258457 95.2608021 100.023984 128.258457 95.2608021 -0.0239842139 LineTension 0
96 133.291225 86.543862 100.00693 133.291225 86.543862 -0.00692952348 LineTension 0
95 128.258502 77.8268736 100.024028 128.258502 77.8268736 -0.0240277507 LineTension 0
94 133.291235 69.1099055 100.006915 133.291235 69.1099055 -0.00691527893 LineTension 0
93 128.258471 60.3929647 100.024001 128.258471 60.3929647 -0.0240012139 LineTension 0
92 118.466092 60.3929503 100.050424 118.466092 60.3929503 -0.0504236933 LineTension 0
91 113.433369 51.6759643 100.061558 113.433369 51.6759643 -0.0615578855 LineTension 0
90 118.466103 42.9589957 100.050408 118.466103 42.9589957 -0.0504083259 LineTension 0
89 113.43334 34.2420508 100.061534 113.43334 34.2420508 -0.0615337187 LineTension 0
88 118.466087 25.5250533 100.05045 118.466087 25.5250533 -0.050450423 LineTension 0
87 113.433327 16.8080725 100.061518 113.433327 16.8080725 -0.0615175604 LineTension 0
86 118.466093 8.09112842 100.050422 118.466093 8.09112842 -0.0504224264 LineTension 0
85 113.43337 103.977785 100.061558 113.43337 103.977785 -0.0615577203 LineTension 0
84 118.4661 95.2608149 100.050408 118.4661 95.2608149 -0.0504080159 LineTension 0
83 113.433339 86.5438715 100.061533 113.433339 86.5438715 -0.0615330711 LineTension 0
82 118.466087 77.8268759 100.050451 118.466087 77.8268759 -0.0504509575 LineTension 0
81 113.433327 69.1098948 100.061517 113.433327 69.1098948 -0.0615166097 LineTension 0
80 103.650771 51.6759638 100.078728 103.650771 51.6759638 -0.0787276354 LineTension 0
79 98.6180209 42.958984 100.085846 98.6180209 42.958984 -0.0858460529 LineTension 0
78 103.650782 34.2420383 100.078702 103.650782 34.2420383 -0.0787021836 LineTension 0
77 98.6180567 25.5250581 100.085885 98.6180567 25.5250581 -0.0858847418 LineTension 0
76 103.650786 16.8080854 100.078687 103.650786 16.8080854 -0.0786868199 LineTension 0
75 98.6180296 8.09113364 100.085862 98.6180296 8.09113364 -0.0858619624 LineTension 0
74 103.650778 103.977785 100.078728 103.650778 103.977785 -0.0787276658 LineTension 0
73 98.6180221 95.2608081 100.085846 98.6180221 95.2608081 -0.0858457105 LineTension 0
72 103.650775 86.543859 100.078702 103.650775 86.543859 -0.0787016389 LineTension 0
71 98.6180553 77.8268752 100.085885 98.6180553 77.8268752 -0.0858853418 LineTension 0
70 103.650793 69.1099066 100.078686 103.650793 69.1099066 -0.0786860275 LineTension 0
69 98.6180301 60.3929594 100.085863 98.6180301 60.3929594 -0.085863058 LineTension 0
68 88.8418307 60.392952 100.097015 88.8418307 60.392952 -0.0970148517 LineTension 0
67 83.8091134 51.6759666 100.101776 83.8091134 51.6759666 -0.101776192 LineTension 0
66 88.841848 42.9589949 100.096998 88.841848 42.9589949 -0.0969983682 LineTension 0
65 83.8090843 34.2420435 100.101755 83.8090843 34.2420435 -0.101755347 LineTension 0
64 88.8418279 25.5250548 100.097038 88.8418279 25.5250548 -0.0970378246 LineTension 0
63 83.8090863 16.8080785 100.101738 83.8090863 16.8080785 -0.101738427 LineTension 0
62 88.8418325 8.0911262 100.097014 88.8418325 8.0911262 -0.0970137432 LineTension 0
61 83.809106 103.977788 100.101776 83.809106 103.977788 -0.101776306 LineTension 0
60 88.8418458 95.2608189 100.096998 88.8418458 95.2608189 -0.096997888 LineTension 0
59 83.8090912 86.5438624 100.101755 83.8090912 86.5438624 -0.101754672 LineTension 0
58 88.8418297 77.8268717 100.097038 88.8418297 77.8268717 -0.0970382694 LineTension 0
57 83.8090791 69.1098997 100.101737 83.8090791 69.1098997 -0.10173747 LineTension 0
56 54.2021011 51.6759632 100.118369 54.2021011 51.6759632 -0.118369145 LineTension 0
55 74.0370075 51.6759603 100.108878 74.0370075 51.6759603 -0.108878166 LineTension 0
54 54.2020919 34.2420394 100.118348 54.2020919 34.2420394 -0.118348204 LineTension 0
53 59.2348532 42.9589968 100.116431 59.2348532 42.9589968 -0.116430615 LineTension 0
52 69.0042619 42.9589931 100.111838 69.0042619 42.9589931 -0.111837806 LineTension 0
51 74.0370114 34.2420417 100.108856 74.0370114 34.2420417 -0.108856393 LineTension 0
50 54.2020844 16.8080883 100.11833 54.2020844 16.8080883 -0.118330339 LineTension 0
49 59.2348237 25.5250487 100.116469 59.2348237 25.5250487 -0.116468804 LineTension 0
48 69.0042845 25.5250553 100.111876 69.0042845 25.5250553 -0.111875814 LineTension 0
47 74.0370308 16.8080861 100.10884 74.0370308 16.8080861 -0.108839967 LineTension 0
46 54.2020995 103.977783 100.11837 54.2020995 103.977783 -0.118369703 LineTension 0
45 59.2348315 8.09113396 100.116448 59.2348315 8.09113396 -0.116447583 LineTension 0
44 69.0042671 8.09112866 100.111855 69.0042671 8.09112866 -0.111854739 LineTension 0
43 74.037008 103.977781 100.108878 74.037008 103.977781 -0.108878265 LineTension 0
42 54.2020919 86.5438573 100.118348 54.2020919 86.5438573 -0.118347763 LineTension 0
41 59.2348531 95.2608169 100.11643 59.2348531 95.2608169 -0.11643028 LineTension 0
40 69.0042649 95.2608136 100.111837 69.0042649 95.2608136 -0.111837359 LineTension 0
39 74.0370105 86.5438611 100.108856 74.0370105 86.5438611 -0.108856034 LineTension 0
38 54.2020839 69.1099071 100.118329 54.2020839 69.1099071 -0.118329219 LineTension 0
37 59.2348242 77.8268678 100.116469 59.2348242 77.8268678 -0.116469392 LineTension 0
36 69.0042832 77.8268768 100.111876 69.0042832 77.8268768 -0.111876357 LineTension 0
35 74.0370314 69.1099086 100.108839 74.0370314 69.1099086 -0.108838701 LineTension 0
34 69.0042685 60.3929509 100.111856 69.0042685 60.3929509 -0.111855778 LineTension 0
33 59.2348306 60.3929541 100.116449 59.2348306 60.3929541 -0.116448725 LineTension 0
Edges
588  56 392
587  54 390
586  50 388
585  46 386 c2t
584  42 384
583  382 38
582  392 381
581  391 392
580  391 378
579  390 391
578  389 390
577  389 376
576  388 389
575  387 388
574  387 374 c1b
573  386 387 t
572  385 386
571  385 372
570  384 385
569  383 384
568  383 370
567  382 383
566  381 382
565  380 381
564  380 369
563  379 380
562  379 368
561  378 379
560  377 378
559  377 366
558  376 377
557  375 376
556  375 364
555  374 375
554  373 374 t c1t c2b
553  373 362 c2t
552  372 373
551  371 372
550  371 360
549  370 371
548  369 370
547  358 369
546  368 357
545  367 368
544  367 354
543  366 367
542  365 366
541  365 352
540  364 365
539  363 364
538  363 350 c1b
537  362 363 t
536  361 362
535  361 348
534  360 361
533  359 360
532  359 346
531  358 359
530  357 358
529  356 357
528  356 345 l c1r c2l
527  355 356 r
526  355 344
525  354 355 l c1r c2l
524  353 354 r
523  353 342
522  352 353 l c1r c2l
521  351 352 r
520  351 340
519  350 351 l c1r c2l
518  349 350 r t c1t c2b
517  349 338 c2t
516  348 349 l c1r c2l
515  347 348 r
514  347 336
513  346 347 l c1r c2l
512  345 346 r
511  334 345
510  344 333
509  343 344
508  343 330
507  342 343
506  341 342
505  341 328
504  340 341
503  339 340
502  339 326 c1b
501  338 339 t
500  337 338
499  337 324
498  336 337
497  335 336
496  335 322
495  334 335
494  333 334
493  332 333
492  332 321
491  331 332
490  331 320
489  330 331
488  329 330
487  329 318
486  328 329
485  327 328
484  327 316
483  326 327
482  325 326 t c1t c2b
481  325 314 c2t
480  324 325
479  323 324
478  323 312
477  322 323
476  321 322
475  310 321
474  320 309
473  319 320
472  319 306
471  318 319
470  317 318
469  317 304
468  316 317
467  315 316
466  315 302 c1b
465  314 315 t
464  313 314
463  313 300
462  312 313
461  311 312
460  311 298
459  310 311
458  309 310
457  308 309
456  308 297
455  307 308
454  307 296
453  306 307
452  305 306
451  305 294
450  304 305
449  303 304
448  303 292
447  302 303
446  301 302 t c1t c2b
445  301 290 c2t
444  300 301
443  299 300
442  299 288
441  298 299
440  297 298
439  286 297
438  296 285
437  295 296
436  295 282
435  294 295
434  293 294
433  293 280
432  292 293
431  291 292
430  291 278 c1b
429  290 291 t
428  289 290
427  289 276
426  288 289
425  287 288
424  287 274
423  286 287
422  285 286
421  284 285
420  284 273
419  283 284
418  283 272
417  282 283
416  281 282
415  281 270
414  280 281
413  279 280
412  279 268
411  278 279
410  277 278 t c1t c2b
409  277 266 c2t
408  276 277
407  275 276
406  275 264
405  274 275
404  273 274
403  262 273
402  272 261
401  271 272
400  271 258
399  270 271
398  269 270
397  269 256
396  268 269
395  267 268
394  267 254 c1b
393  266 267 t
392  265 266
391  265 252
390  264 265
389  263 264
388  263 250
387  262 263
386  261 262
385  260 261
384  260 249
383  259 260
382  259 248
381  258 259
380  257 258
379  257 246
378  256 257
377  255 256
376  255 244
375  254 255
374  253 254 t c1t c2b
373  253 242 c2t
372  252 253
371  251 252
370  251 240
369  250 251
368  249 250
367  238 249
366  248 237
365  247 248
364  247 234
363  246 247
362  245 246
361  245 232
360  244 245
359  243 244
358  243 230 c1b
357  242 243 t
356  241 242
355  241 228
354  240 241
353  239 240
352  239 226
351  238 239
350  237 238
349  236 237
348  236 225
347  235 236
346  235 224
345  234 235
344  233 234
343  233 222
342  232 233
341  231 232
340  231 220
339  230 231
338  229 230 t c1t c2b
337  229 218 c2t
336  228 229
335  227 228
334  227 216
333  226 227
332  225 226
331  214 225
330  224 213
329  223 224
328  223 210
327  222 223
326  221 222
325  221 208
324  220 221
323  219 220
322  219 206 c1b
321  218 219 t
320  217 218
319  217 204
318  216 217
317  215 216
316  215 202
315  214 215
314  213 214
313  212 213
312  212 201
311  211 212
310  211 200
309  210 211
308  209 210
307  209 198
306  208 209
305  207 208
304  207 196
303  206 207
302  205 206 t c1t c2b
301  205 194 c2t
300  204 205
299  203 204
298  203 192
297  202 203
296  201 202
295  190 201
294  200 189
293  199 200
292  199 186
291  198 199
290  197 198
289  197 184
288  196 197
287  195 196
286  195 182 c1b
285  194 195 t
284  193 194
283  193 180
282  192 193
281  191 192
280  191 178
279  190 191
278  189 190
277  188 189
276  188 177
275  187 188
274  187 176
273  186 187
272  185 186
271  185 174
270  184 185
269  183 184
268  183 172
267  182 183
266  181 182 t c1t c2b
265  181 170 c2t
264  180 181
263  179 180
262  179 168
261  178 179
260  177 178
259  166 177
258  176 165
257  175 176
256  175 162
255  174 175
254  173 174
253  173 160
252  172 173
251  171 172
250  171 158 c1b
249  170 171 t
248  169 170
247  169 156
246  168 169
245  167 168
244  167 154
243  166 167
242  165 166
241  164 165
240  164 153
239  163 164
238  163 152
237  162 163
236  161 162
235  161 150
234  160 161
233  159 160
232  159 148
231  158 159
230  157 158 t c1t c2b
229  157 146 c2t
228  156 157
227  155 156
226  155 144
225  154 155
224  153 154
223  142 153
222  152 141
221  151 152
220  151 138
219  150 151
218  149 150
217  149 136
216  148 149
215  147 148
214  147 134 c1b
213  146 147 t
212  145 146
211  145 132
210  144 145
209  143 144
208  143 130
207  142 143
206  141 142
205  140 141
204  140 129
203  139 140
202  139 128
201  138 139
200  137 138
199  137 126
198  136 137
197  135 136
196  135 124
195  134 135
194  133 134 t c1t c2b
193  133 122 c2t
192  132 133
191  131 132
190  131 120
189  130 131
188  129 130
187  118 129
186  128 117
185  127 128
184  127 114
183  126 127
182  125 126
181  125 112
180  124 125
179  123 124
178  123 110 c1b
177  122 123 t
176  121 122
175  121 108
174  120 121
173  119 120
172  119 106
171  118 119
170  117 118
169  116 117
168  116 105
167  115 116
166  115 104
165  114 115
164  113 114
163  113 102
162  112 113
161  111 112
160  111 100
159  110 111
158  109 110 t c1t c2b
157  109 98 c2t
156  108 109
155  107 108
154  107 96
153  106 107
152  105 106
151  94 105
150  104 93
149  103 104
148  103 90
147  102 103
146  101 102
145  101 88
144  100 101
143  99 100
142  99 86 c1b
141  98 99 t
140  97 98
139  97 84
138  96 97
137  95 96
136  95 82
135  94 95
134  93 94
133  92 93
132  92 81
131  91 92
130  91 80
129  90 91
128  89 90
127  89 78
126  88 89
125  87 88
124  87 76
123  86 87
122  85 86 t c1t c2b
121  85 74 c2t
120  84 85
119  83 84
118  83 72
117  82 83
116  81 82
115  70 81
114  80 69
113  79 80
112  79 66
111  78 79
110  77 78
109  77 64
108  76 77
107  75 76
106  75 62 c1b
105  74 75 t
104  73 74
103  73 60
102  72 73
101  71 72
100  71 58
99  70 71
98  69 70
97  68 69
96  68 57
95  67 68
94  67 55
93  66 67
92  65 66
91  65 51
90  64 65
89  63 64
88  63 47
87  62 63
86  61 62 t c1t c2b
85  61 43 c2t
84  60 61
83  59 60
82  59 39
81  58 59
80  57 58
79  35 57
78  56 53
77  33 56
76  55 34
75  52 55
74  54 49
73  53 54
72  52 53
71  51 52
70  48 51
69  50 45
68  49 50
67  48 49
66  47 48
65  44 47
64  46 41
63  45 46 b c1b c2t
62  44 45 c1b
61  43 44 t
60  40 43
59  42 37
58  41 42
57  40 41
56  39 40
55  36 39
54  38 33
53  37 38
52  36 37
51  35 36
50  34 35
49  33 34
Cells
196 -588 -77 -54 -583 -566 -582 Type 1
195 -587 -73 -78 588 -581 -579 Type 1
194 -586 -68 -74 587 -578 -576 Type 1
193 -585 -63 -69 586 -575 -573 Type 1
192 -584 -58 -64 585 -572 -570 Type 1
191 583 -53 -59 584 -569 -567 Type 1
190 -580 581 582 -565 -563 -561 Type 1
189 -577 578 579 580 -560 -558 Type 1
188 -574 575 576 577 -557 -555 Type 1
187 -571 572 573 574 -554 -552 Type 1
186 -568 569 570 571 -551 -549 Type 1
185 565 566 567 568 -548 -564 Type 1
184 -562 563 564 -547 -530 -546 Type 1
183 -559 560 561 562 -545 -543 Type 1
182 -556 557 558 559 -542 -540 Type 1
181 -553 554 555 556 -539 -537 Type 1
180 -550 551 552 553 -536 -534 Type 1
179 547 548 549 550 -533 -531 Type 1
178 -544 545 546 -529 -527 -525 Type 1
177 -541 542 543 544 -524 -522 Type 1
176 -538 539 540 541 -521 -519 Type 1
175 -535 536 537 538 -518 -516 Type 1
174 -532 533 534 535 -515 -513 Type 1
173 529 530 531 532 -512 -528 Type 1
172 -526 527 528 -511 -494 -510 Type 1
171 -523 524 525 526 -509 -507 Type 1
170 -520 521 522 523 -506 -504 Type 1
169 -517 518 519 520 -503 -501 Type 1
168 -514 515 516 517 -500 -498 Type 1
167 511 512 513 514 -497 -495 Type 1
166 -508 509 510 -493 -491 -489 Type 1
165 -505 506 507 508 -488 -486 Type 1
164 -502 503 504 505 -485 -483 Type 1
163 -499 500 501 502 -482 -480 Type 1
162 -496 497 498 499 -479 -477 Type 1
161 493 494 495 496 -476 -492 Type 1
160 -490 491 492 -475 -458 -474 Type 1
159 -487 488 489 490 -473 -471 Type 1
158 -484 485 486 487 -470 -468 Type 1
157 -481 482 483 484 -467 -465 Type 1
156 -478 479 480 481 -464 -462 Type 1
155 475 476 477 478 -461 -459 Type 1
154 -472 473 474 -457 -455 -453 Type 1
153 -469 470 471 472 -452 -450 Type 1
152 -466 467 468 469 -449 -447 Type 1
151 -463 464 465 466 -446 -444 Type 1
150 -460 461 462 463 -443 -441 Type 1
149 457 458 459 460 -440 -456 Type 1
148 -454 455 456 -439 -422 -438 Type 1
147 -451 452 453 454 -437 -435 Type 1
146 -448 449 450 451 -434 -432 Type 1
145 -445 446 447 448 -431 -429 Type 1
144 -442 443 444 445 -428 -426 Type 1
143 439 440 441 442 -425 -423 Type 1
142 -436 437 438 -421 -419 -417 Type 1
141 -433 434 435 436 -416 -414 Type 1
140 -430 431 432 433 -413 -411 Type 1
139 -427 428 429 430 -410 -408 Type 1
138 -424 425 426 427 -407 -405 Type 1
137 421 422 423 424 -404 -420 Type 1
136 -418 419 420 -403 -386 -402 Type 1
135 -415 416 417 418 -401 -399 Type 1
134 -412 413 414 415 -398 -396 Type 1
133 -409 410 411 412 -395 -393 Type 1
132 -406 407 408 409 -392 -390 Type 1
131 403 404 405 406 -389 -387 Type 1
130 -400 401 402 -385 -383 -381 Type 1
129 -397 398 399 400 -380 -378 Type 1
128 -394 395 396 397 -377 -375 Type 1
127 -391 392 393 394 -374 -372 Type 1
126 -388 389 390 391 -371 -369 Type 1
125 385 386 387 388 -368 -384 Type 1
124 -382 383 384 -367 -350 -366 Type 1
123 -379 380 381 382 -365 -363 Type 1
122 -376 377 378 379 -362 -360 Type 1
121 -373 374 375 376 -359 -357 Type 1
120 -370 371 372 373 -356 -354 Type 1
119 367 368 369 370 -353 -351 Type 1
118 -364 365 366 -349 -347 -345 Type 1
117 -361 362 363 364 -344 -342 Type 1
116 -358 359 360 361 -341 -339 Type 1
115 -355 356 357 358 -338 -336 Type 1
114 -352 353 354 355 -335 -333 Type 1
113 349 350 351 352 -332 -348 Type 1
112 -346 347 348 -331 -314 -330 Type 1
111 -343 344 345 346 -329 -327 Type 1
110 -340 341 342 343 -326 -324 Type 1
109 -337 338 339 340 -323 -321 Type 1
108 -334 335 336 337 -320 -318 Type 1
107 331 332 333 334 -317 -315 Type 1
106 -328 329 330 -313 -311 -309 Type 1
105 -325 326 327 328 -308 -306 Type 1
104 -322 323 324 325 -305 -303 Type 1
103 -319 320 321 322 -302 -300 Type 1
102 -316 317 318 319 -299 -297 Type 1
101 313 314 315 316 -296 -312 Type 1
100 -310 311 312 -295 -278 -294 Type 1
99 -307 308 309 310 -293 -291 Type 1
98 -304 305 306 307 -290 -288 Type 1
97 -301 302 303 304 -287 -285 Type 1
96 -298 299 300 301 -284 -282 Type 1
95 295 296 297 298 -281 -279 Type 1
94 -292 293 294 -277 -275 -273 Type 1
93 -289 290 291 292 -272 -270 Type 1
92 -286 287 288 289 -269 -267 Type 1
91 -283 284 285 286 -266 -264 Type 1
90 -280 281 282 283 -263 -261 Type 1
89 277 278 279 280 -260 -276 Type 1
88 -274 275 276 -259 -242 -258 Type 2
87 -271 272 273 274 -257 -255 Type 2
86 -268 269 270 271 -254 -252 Type 2
85 -265 266 267 268 -251 -249 Type 2
84 -262 263 264 265 -248 -246 Type 2
83 259 260 261 262 -245 -243 Type 2
82 -256 257 258 -241 -239 -237 Type 2
81 -253 254 255 256 -236 -234 Type 2
80 -250 251 252 253 -233 -231 Type 2
79 -247 248 249 250 -230 -228 Type 2
78 -244 245 246 247 -227 -225 Type 2
77 241 242 243 244 -224 -240 Type 2
76 -238 239 240 -223 -206 -222 Type 1
75 -235 236 237 238 -221 -219 Type 1
74 -232 233 234 235 -218 -216 Type 1
73 -229 230 231 232 -215 -213 Type 1
72 -226 227 228 229 -212 -210 Type 1
71 223 224 225 226 -209 -207 Type 1
70 -220 221 222 -205 -203 -201 Type 1
69 -217 218 219 220 -200 -198 Type 1
68 -214 215 216 217 -197 -195 Type 1
67 -211 212 213 214 -194 -192 Type 1
66 -208 209 210 211 -191 -189 Type 1
65 205 206 207 208 -188 -204 Type 1
64 -202 203 204 -187 -170 -186 Type 1
63 -199 200 201 202 -185 -183 Type 1
62 -196 197 198 199 -182 -180 Type 1
61 -193 194 195 196 -179 -177 Type 1
60 -190 191 192 193 -176 -174 Type 1
59 187 188 189 190 -173 -171 Type 1
58 -184 185 186 -169 -167 -165 Type 1
57 -181 182 183 184 -164 -162 Type 1
56 -178 179 180 181 -161 -159 Type 1
55 -175 176 177 178 -158 -156 Type 1
54 -172 173 174 175 -155 -153 Type 1
53 169 170 171 172 -152 -168 Type 1
52 -166 167 168 -151 -134 -150 Type 1
51 -163 164 165 166 -149 -147 Type 1
50 -160 161 162 163 -146 -144 Type 1
49 -157 158 159 160 -143 -141 Type 1
48 -154 155 156 157 -140 -138 Type 1
47 151 152 153 154 -137 -135 Type 1
46 -148 149 150 -133 -131 -129 Type 1
45 -145 146 147 148 -128 -126 Type 1
44 -142 143 144 145 -125 -123 Type 1
43 -139 140 141 142 -122 -120 Type 1
42 -136 137 138 139 -119 -117 Type 1
41 133 134 135 136 -116 -132 Type 1
40 -130 131 132 -115 -98 -114 Type 1
39 -127 128 129 130 -113 -111 Type 1
38 -124 125 126 127 -110 -108 Type 1
37 -121 122 123 124 -107 -105 Type 1
36 -118 119 120 121 -104 -102 Type 1
35 115 116 117 118 -101 -99 Type 1
34 -112 113 114 -97 -95 -93 Type 1
33 -109 110 111 112 -92 -90 Type 1
32 -106 107 108 109 -89 -87 Type 1
31 -103 104 105 106 -86 -84 Type 1
30 -100 101 102 103 -83 -81 Type 1
29 97 98 99 100 -80 -96 Type 1
28 -94 95 96 -79 -50 -76 Type 1
27 -91 92 93 94 -75 -71 Type 1
26 -88 89 90 91 -70 -66 Type 1
25 -85 86 87 88 -65 -61 Type 1
24 -82 83 84 85 -60 -56 Type 1
23 79 80 81 82 -55 -51 Type 1
22 -72 75 76 -49 77 78 Type 1
21 -67 70 71 72 73 74 Type 1
20 -62 65 66 67 68 69 Type 1
19 -57 60 61 62 63 64 Type 1
18 -52 55 56 57 58 59 Type 1
17 49 50 51 52 53 54 Type 1
