Periodicity
Lx 446.182407
Ly 151.937957
T_ext 3
Cell Types
1.5 1.5 25980.7621 0.001
1.5 1.5 25980.7621 0.001
1.24168702e-43 8.64945755e-275 -4.82633047e+178 1.11838206e-67
-7.2958264e-299 1.09885877e+275 -1.20368314e-303 -2.4321563e+135
1 4
1 4 6
2.95152691e-211 1.73381437e-283 -8.91013894e+275 -6.32420965e+227
-1.27765608e+223 -3.01616148e+266 6.49821209e-293 1.20649044e-220 1.46509235e-143
50 50
50 50 50
-0.181694956 -2.48783466e-30 -9.53375021e-45 -1.56143824e-49
1.96281811e-280 1.26646195e-169 2.3383466e-44 1.25491323e+96 1.87239708e+250
0 20
0 20 20
-9.35805212e-44 -2.00822155e+53 -2.82493822e+154 -2.60420959e+260
-1.24941354e-72 -1.68704696e+82 -1.49281714e+241 2.68037658e-212 6.67960946e-39
Vertices
33 73.0310448 87.6939973 70.5523534 62.2446908 87.7488546 12.737668 LineTension 0
34 73.0446402 87.6949539 70.551219 82.3184506 87.7455806 10.234823 LineTension 0
35 79.8351791 100.373052 71.687253 89.4590544 100.41044 11.641455 LineTension 0
36 73.0928123 113.001995 70.5680657 82.2158996 113.052494 10.2379076 LineTension 0
37 73.0196831 113.001501 70.581094 62.2730828 113.023732 12.7385293 LineTension 0
38 66.1302847 100.386753 72.3109446 55.1042118 100.37494 14.3656644 LineTension 0
39 79.6662885 125.683063 71.576271 89.5184082 125.6938 11.6367585 LineTension 0
40 73.1081484 138.329626 70.623985 82.1998127 138.391321 10.2504337 LineTension 0
41 73.0998121 138.329768 70.6261315 62.2847053 138.426077 12.7550792 LineTension 0
42 66.0991414 125.711703 72.3323672 55.0824503 125.705112 14.376985 LineTension 0
43 79.9079407 151.003037 71.7725812 89.3670853 150.999525 11.6397965 LineTension 0
44 73.0905527 11.8329818 70.6043576 82.3055769 11.7051459 10.2505373 LineTension 0
45 73.0514703 11.8270535 70.6094584 62.2917732 11.7046629 12.7508755 LineTension 0
46 66.0929597 151.045916 72.3349061 55.1629789 151.023331 14.3613929 LineTension 0
47 79.7251924 24.4530921 71.6296043 89.5169668 24.4267863 11.6342142 LineTension 0
48 73.0819965 37.0578206 70.5772329 82.2415817 37.1054058 10.2298201 LineTension 0
49 73.0432777 37.0588509 70.5825078 62.2983576 37.0876871 12.7254092 LineTension 0
50 66.0958068 24.4242312 72.290293 55.1187713 24.4009447 14.3440754 LineTension 0
51 79.8839603 49.773853 71.7234475 89.4047739 49.7322853 11.6139171 LineTension 0
52 73.1062539 62.4432048 70.5672089 82.2177587 62.360581 10.2208966 LineTension 0
53 73.0488319 62.4451794 70.5740584 62.2830104 62.3699118 12.7218911 LineTension 0
54 66.1145481 49.7239444 72.3125483 55.1267961 49.7457821 14.3463547 LineTension 0
55 79.6793141 75.0415583 71.5670668 89.5317474 75.0676025 11.6246797 LineTension 0
56 66.1228633 75.0368443 72.2919785 55.0825628 75.0795678 14.3550444 LineTension 0
57 80.2681135 100.372786 71.9297001 107.366852 100.400735 22.4024637 LineTension 0
58 86.0646698 113.037127 76.2397987 112.92613 113.019178 27.6059617 LineTension 0
59 80.4643384 125.685864 72.014981 107.279937 125.687699 22.3359101 LineTension 0
60 85.9558353 138.288745 76.2020995 112.964435 138.428869 27.6437813 LineTension 0
61 80.1706927 151.003237 71.918073 107.488206 151.001168 22.4799819 LineTension 0
62 85.9825834 11.8504497 76.2347926 112.884983 11.6907544 27.6517531 LineTension 0
63 80.3875199 24.4525501 71.9932933 107.311627 24.4297535 22.3750436 LineTension 0
64 86.0160629 37.030916 76.2274627 112.938807 37.1309001 27.63304 LineTension 0
65 80.2025428 49.7735966 71.9068915 107.449981 49.737984 22.4261673 LineTension 0
66 86.0196976 62.4700762 76.2083263 112.947102 62.3402583 27.631209 LineTension 0
67 80.4484872 75.04022 71.9867757 107.294249 75.0683305 22.3479209 LineTension 0
68 86.0881089 87.6837092 76.2461131 112.848059 87.7490448 27.6085766 LineTension 0
69 94.5907628 87.7479041 85.0701093 119.803005 87.732743 40.0391217 LineTension 0
70 100.763793 100.403764 88.7203476 124.413362 100.396301 45.8622879 LineTension 0
71 94.5414918 112.951009 85.1180976 119.74945 113.074314 39.9778645 LineTension 0
72 100.838547 125.6731 88.7867666 124.330918 125.711818 45.7976626 LineTension 0
73 94.4994162 138.40527 85.1262948 119.714623 138.361087 40.005804 LineTension 0
74 100.728732 150.980267 88.7347796 124.32418 151.039093 45.9035102 LineTension 0
75 94.5467741 11.7638327 85.087572 119.749819 11.7326585 40.0771159 LineTension 0
76 100.795633 24.416519 88.7424398 124.346314 24.4029023 45.8946618 LineTension 0
77 94.5189786 37.0727615 85.1161942 119.765877 37.0949459 39.9803285 LineTension 0
78 100.690012 49.7629832 88.7361211 124.366348 49.7259112 45.8723014 LineTension 0
79 94.5189051 62.4199865 85.101798 119.786288 62.3654104 40.0039745 LineTension 0
80 100.803469 75.0948874 88.7280736 124.410889 75.0562479 45.808903 LineTension 0
81 128.937474 100.417476 96.890295 124.417744 100.395385 45.8805674 LineTension 0
82 135.934128 113.058292 95.6142422 129.608936 113.016417 45.7736554 LineTension 0
83 128.940739 125.716404 96.8871952 124.474092 125.711833 45.9666453 LineTension 0
84 135.921493 138.449051 95.5645646 129.552764 138.391004 45.7431012 LineTension 0
85 128.962072 150.97546 96.862916 124.332236 151.039109 45.9252505 LineTension 0
86 135.981392 11.7710438 95.5538856 129.536854 11.7534767 45.8369168 LineTension 0
87 128.954925 24.4351559 96.8810445 124.369927 24.4030881 45.9414127 LineTension 0
88 135.925465 37.0642492 95.5694707 129.57313 37.0781103 45.8545874 LineTension 0
89 128.962176 49.7530694 96.8471666 124.379904 49.7259225 45.8702186 LineTension 0
90 135.917616 62.3338153 95.5603147 129.573036 62.3839418 45.6948043 LineTension 0
91 128.934868 75.0346793 96.8855592 124.442091 75.0563031 45.8636342 LineTension 0
92 135.921138 87.6830399 95.5609948 129.606768 87.7321132 45.6459643 LineTension 0
93 162.673929 87.6856622 75.7822296 129.625811 87.7344256 45.6363733 LineTension 0
94 166.684489 100.288156 70.1094024 131.817398 100.418841 38.7942988 LineTension 0
95 162.424507 112.99036 75.9694445 129.615597 113.016483 45.7672939 LineTension 0
96 166.676277 125.702872 70.1827598 131.835596 125.658713 38.9658661 LineTension 0
97 162.60346 138.437111 75.9011079 129.562087 138.390132 45.7407992 LineTension 0
98 166.762791 150.957342 70.1826107 131.795506 151.053772 38.7343649 LineTension 0
99 162.610404 11.7432455 75.9305256 129.55238 11.7539891 45.7848283 LineTension 0
100 166.715283 24.3798495 70.1764276 131.779237 24.3999621 38.7125613 LineTension 0
101 162.543661 37.0580885 75.9281387 129.576838 37.0789304 45.8439779 LineTension 0
102 166.737622 49.8208369 70.1409102 131.729391 49.7713709 38.7600428 LineTension 0
103 162.588098 62.4420733 75.9080239 129.579986 62.3838998 45.6874078 LineTension 0
104 166.825653 75.1781053 70.0953625 132.016226 75.0376009 39.2132893 LineTension 0
105 171.247295 100.618002 52.0529803 134.136126 100.350292 23.0359838 LineTension 0
106 173.417136 113.18388 46.2629228 138.185168 112.986675 16.8204808 LineTension 0
107 171.186949 125.627246 52.438311 133.989916 125.668354 22.80288 LineTension 0
108 173.428234 138.402051 46.3276073 138.237479 138.421205 16.9526916 LineTension 0
109 171.128574 150.974529 52.4310399 134.130624 151.013272 22.9158479 LineTension 0
110 173.355344 11.8383793 46.2726192 138.214762 11.6677975 16.8795407 LineTension 0
111 171.036736 24.4675597 52.4930014 134.088241 24.400155 22.8306873 LineTension 0
112 173.308118 37.0206672 46.2591868 138.180929 37.0770057 16.8409557 LineTension 0
113 171.145278 49.6746698 52.4236468 134.181963 49.7736095 22.9977057 LineTension 0
114 173.39252 62.2375132 46.1905844 138.183973 62.3076833 17.0127248 LineTension 0
115 171.257315 74.9805902 51.958174 133.724726 75.1139216 22.8185076 LineTension 0
116 173.463947 87.6733243 46.1728489 138.114377 87.8974258 17.0534675 LineTension 0
117 173.464292 87.6732372 46.1693637 163.511701 87.6003159 -4.18669916 LineTension 0
118 176.926064 100.377548 44.7769494 170.828862 100.324481 -5.61657903 LineTension 0
119 173.423929 113.183707 46.2559241 163.434996 113.116473 -4.12317127 LineTension 0
120 177.005538 125.660348 44.5548076 170.635306 125.732312 -5.57037149 LineTension 0
121 173.432443 138.401561 46.3044012 163.492845 138.365244 -4.12452902 LineTension 0
122 176.972874 151.025367 44.7150648 170.779227 151.003039 -5.54347753 LineTension 0
123 173.357001 11.8395325 46.2707319 163.524288 11.7706167 -4.15107958 LineTension 0
124 177.004264 24.4029282 44.5227466 170.690192 24.4344709 -5.56435131 LineTension 0
125 173.313367 37.0225128 46.2499413 163.572271 37.0264886 -4.14936269 LineTension 0
126 176.995155 49.7675746 44.6062541 170.799292 49.7857884 -5.59552649 LineTension 0
127 173.392902 62.231139 46.170779 163.474774 62.4943606 -4.14447566 LineTension 0
128 176.888995 75.0991066 44.9778035 170.646536 75.0446643 -5.5939989 LineTension 0
129 176.926376 100.374762 44.7796113 201.77833 100.392303 1.91496366 LineTension 0
130 179.768156 113.119096 48.4543761 207.41605 113.01016 6.4892024 LineTension 0
131 177.005453 125.664324 44.5572655 201.798266 125.698989 1.90579119 LineTension 0
132 179.725104 138.359899 48.6048765 207.421464 138.360699 6.36647322 LineTension 0
133 176.974151 151.03296 44.716777 201.811097 151.053625 1.87257416 LineTension 0
134 179.807678 11.7843241 48.5953875 207.369672 11.7245128 6.37628917 LineTension 0
135 177.027494 24.4054587 44.5255703 201.784988 24.4245896 1.8974845 LineTension 0
136 179.848655 37.0135391 48.6081035 207.324366 37.0942146 6.36790546 LineTension 0
137 177.009219 49.7632156 44.6100317 201.805571 49.72603 1.89209266 LineTension 0
138 179.706787 62.2834411 48.6139143 207.380477 62.4465134 6.44161228 LineTension 0
139 176.885394 75.0970575 44.98314 201.77185 75.0434756 1.96428732 LineTension 0
140 179.663613 87.7936368 48.6653197 207.433351 87.7259992 6.42544954 LineTension 0
141 179.679342 87.793711 48.7175591 221.385364 87.7516836 38.8301086 LineTension 0
142 180.288526 100.516724 55.5392721 222.536707 100.357559 45.8891274 LineTension 0
143 179.77752 113.11934 48.5787667 221.42013 113.032569 38.9719155 LineTension 0
144 180.274471 125.566128 55.5505438 222.530238 125.756812 45.9151817 LineTension 0
145 179.729826 138.359851 48.6147062 221.371165 138.336902 38.9515176 LineTension 0
146 180.351477 151.039653 55.4961936 222.458348 151.118858 45.9704608 LineTension 0
147 179.809098 11.784339 48.6210462 221.334304 11.6990416 39.0470352 LineTension 0
148 180.353084 24.440505 55.6386985 222.397992 24.4008706 45.9892221 LineTension 0
149 179.844893 37.0156708 48.6433031 221.288308 37.0621081 38.994178 LineTension 0
150 180.277568 49.6557825 55.474114 222.45122 49.7217044 45.9597893 LineTension 0
151 179.712462 62.2832808 48.662659 221.407202 62.4608146 39.0450134 LineTension 0
152 180.290277 75.1227643 55.2815113 222.509481 74.9875828 45.9375774 LineTension 0
153 177.97815 100.318187 80.0085733 219.28652 100.366457 56.6323292 LineTension 0
154 181.814877 112.988233 86.2434584 218.898536 113.11317 67.5238432 LineTension 0
155 177.920427 125.686886 80.0270486 219.318594 125.744987 56.5318349 LineTension 0
156 181.619812 138.394884 86.140413 218.879662 138.40247 67.3519805 LineTension 0
157 177.827611 150.943851 80.0564314 219.277452 151.078286 56.6566027 LineTension 0
158 181.575885 11.7247591 86.2292886 218.92898 11.7737 67.5814691 LineTension 0
159 177.832736 24.3939868 80.135788 219.332002 24.452753 56.6491798 LineTension 0
160 181.693793 37.1256069 86.3114817 218.889934 37.024146 67.4978217 LineTension 0
161 177.893729 49.8935912 80.0771495 219.259193 49.6630659 56.6473089 LineTension 0
162 181.687198 62.4616246 86.1441755 218.85555 62.3672771 67.5042189 LineTension 0
163 177.933091 75.0978156 80.0245819 219.284497 75.0427584 56.5463411 LineTension 0
164 181.733429 87.6615391 86.135255 218.965728 87.6862417 67.2986295 LineTension 0
165 217.545741 87.7496627 109.975106 218.394404 87.6691352 77.7678769 LineTension 0
166 223.501452 100.400612 109.967303 222.7468 100.409682 77.8318335 LineTension 0
167 217.501564 113.0668 109.942111 218.403269 113.11085 77.6680163 LineTension 0
168 223.513118 125.735026 109.943577 222.711866 125.71917 77.6552681 LineTension 0
169 217.560133 138.402693 109.958921 218.331929 138.405218 77.5592666 LineTension 0
170 223.543052 151.035039 109.996956 222.703774 151.091459 77.4919594 LineTension 0
171 217.542298 11.7754234 109.979194 218.389873 11.7644584 77.3689877 LineTension 0
172 223.53714 24.4178787 109.977161 222.728588 24.3993336 77.3465084 LineTension 0
173 217.53747 37.0515387 109.962824 218.406484 37.027296 77.4333529 LineTension 0
174 223.528186 49.7242275 109.956423 222.778498 49.6884399 77.5177159 LineTension 0
175 217.573555 62.3208129 109.958276 218.410301 62.3859537 77.5816755 LineTension 0
176 223.561209 75.0164717 109.973405 222.75355 75.0079026 77.6568086 LineTension 0
177 259.411561 100.31411 86.3191584 222.045172 100.398955 67.4612227 LineTension 0
178 263.262404 112.949318 80.2030611 221.683209 112.987269 56.5740389 LineTension 0
179 259.443103 125.704259 86.3833464 222.154402 125.725316 67.6815818 LineTension 0
180 263.279469 138.392053 80.2306929 221.857299 138.49435 56.7444132 LineTension 0
181 259.513507 151.010378 86.3402164 222.162213 151.1034 67.5195696 LineTension 0
182 263.313102 11.7577435 80.2137714 221.831032 11.7775676 56.699765 LineTension 0
183 259.527425 24.427394 86.3339699 222.23165 24.3951045 67.6253195 LineTension 0
184 263.310191 37.1281389 80.1543647 221.888333 37.0655072 56.708202 LineTension 0
185 259.504232 49.7958301 86.2591833 222.230402 49.6694525 67.4570057 LineTension 0
186 263.28031 62.5187991 80.0867588 221.850002 62.358934 56.6145884 LineTension 0
187 259.501018 75.0675844 86.1751511 222.159109 75.0221261 67.489736 LineTension 0
188 263.236681 87.616099 80.1112767 221.701144 87.6731095 56.6567311 LineTension 0
189 260.881698 87.9301689 55.7654184 218.78868 87.597869 45.7484746 LineTension 0
190 261.363282 100.486724 49.1821744 220.110744 100.510922 38.5349279 LineTension 0
191 260.93738 113.036379 56.3035661 218.846061 113.058584 45.6976703 LineTension 0
192 261.34812 125.692239 49.4010739 220.066071 125.678535 38.680003 LineTension 0
193 260.894844 138.24403 56.1043747 218.806554 138.484085 45.7958385 LineTension 0
194 261.40732 150.947475 48.8322656 220.010344 150.892951 38.8418191 LineTension 0
195 260.841402 11.7197176 55.8266674 218.85461 11.7760839 45.863591 LineTension 0
196 261.372198 24.360748 48.8928481 219.968474 24.3332169 38.9250995 LineTension 0
197 260.825662 37.0317081 55.7336359 218.808698 37.0594305 45.8866279 LineTension 0
198 261.414102 49.7143739 48.9118478 219.906544 49.758891 38.8806464 LineTension 0
199 260.841434 62.4020886 55.4784478 218.729827 62.3828759 45.8715387 LineTension 0
200 261.431135 75.1349814 48.8133866 219.867025 75.1492985 38.9393805 LineTension 0
201 261.432998 100.488205 48.3802224 233.803729 100.534759 6.53059604 LineTension 0
202 264.102145 112.996 44.4917495 239.47115 113.018574 2.03387028 LineTension 0
203 261.465469 125.690678 48.0651293 233.809494 125.675444 6.63260871 LineTension 0
204 264.140841 138.396488 44.5262123 239.502622 138.41466 2.03727139 LineTension 0
205 261.411661 150.947489 48.7991058 233.928787 150.880143 6.46891077 LineTension 0
206 264.147804 11.803118 44.7390889 239.564768 11.8406055 1.96717913 LineTension 0
207 261.371232 24.3608913 48.8545685 234.008029 24.3801328 6.42185824 LineTension 0
208 264.249937 37.0804531 45.1614353 239.627173 37.1117883 1.93615673 LineTension 0
209 261.415903 49.7123917 48.8922261 234.022297 49.7174809 6.3604354 LineTension 0
210 264.246164 62.4194248 45.210945 239.632352 62.3205323 1.91708756 LineTension 0
211 261.430339 75.1349595 48.8011881 233.954128 75.116827 6.42428244 LineTension 0
212 264.11472 87.6664296 44.7732641 239.525221 87.686068 1.9981358 LineTension 0
213 264.129236 87.6478023 44.7665256 270.893598 87.6044714 -5.27105878 LineTension 0
214 267.694387 100.402466 46.4996621 278.094191 100.306264 -3.82881521 LineTension 0
215 264.11755 112.996759 44.4922582 270.739142 112.976789 -5.357947 LineTension 0
216 267.696546 125.790686 46.5087059 278.117926 125.785389 -3.83673044 LineTension 0
217 264.143442 138.390534 44.5234989 270.933069 138.493492 -5.28636986 LineTension 0
218 267.812833 150.994359 46.534394 278.001816 150.932573 -3.77980794 LineTension 0
219 264.15414 11.8008055 44.738868 270.760434 11.7568707 -5.28095446 LineTension 0
220 267.788096 24.256741 46.5383996 277.950348 24.4297454 -3.82020975 LineTension 0
221 264.255383 37.0836609 45.1639578 270.634838 37.084342 -5.32176747 LineTension 0
222 267.728148 49.7004583 46.5312348 277.869866 49.7496866 -3.84623322 LineTension 0
223 264.244484 62.4218185 45.2137268 270.663205 62.4286381 -5.28197983 LineTension 0
224 267.769894 75.1722622 46.5721493 278.03889 75.0945831 -3.73877568 LineTension 0
225 267.698912 100.402441 46.5144648 303.128435 100.562818 17.2115862 LineTension 0
226 270.135023 113.07559 52.7777189 306.851211 112.995393 23.4765496 LineTension 0
227 267.703576 125.791707 46.5107034 303.153071 125.534546 17.2235634 LineTension 0
228 270.188666 138.378915 52.8750556 307.242577 138.311047 23.1831335 LineTension 0
229 267.817862 150.994251 46.5407651 303.032399 151.037832 17.3755188 LineTension 0
230 270.166983 11.666702 52.8258448 307.023105 11.8696643 23.3496164 LineTension 0
231 267.786566 24.2581943 46.5456435 303.134799 24.448557 17.2885464 LineTension 0
232 269.995356 36.9085905 52.3203384 307.203516 37.1511531 23.4937211 LineTension 0
233 267.739882 49.7004522 46.5445694 303.189326 49.7329012 17.4297037 LineTension 0
234 270.005384 62.6245085 52.3819844 307.202182 62.3019836 23.5005943 LineTension 0
235 267.770756 75.1755909 46.5768116 303.065834 75.0326796 17.3524131 LineTension 0
236 270.157216 87.6922603 52.7258799 307.219708 87.7422437 23.2463021 LineTension 0
237 275.018099 87.7234306 70.9831789 308.968925 87.6895536 39.2303059 LineTension 0
238 279.21164 100.391138 76.5490874 311.485342 100.354625 45.9733749 LineTension 0
239 274.982005 113.049871 70.9085082 309.166899 112.993464 38.8707231 LineTension 0
240 279.123898 125.708005 76.5511688 311.544148 125.695017 45.9078764 LineTension 0
241 274.94296 138.320141 70.9649334 309.064437 138.416828 39.2416728 LineTension 0
242 279.240275 151.048749 76.6678795 311.532329 151.06796 45.81228 LineTension 0
243 274.985174 11.7650188 70.9601791 309.097342 11.7824665 39.0340209 LineTension 0
244 279.20013 24.5063752 76.5933473 311.521544 24.3916405 45.8985736 LineTension 0
245 274.890475 37.1666359 70.8888052 309.182562 37.0688819 39.0123194 LineTension 0
246 279.023046 49.708907 76.4537631 311.507376 49.7535242 45.795123 LineTension 0
247 274.893665 62.3400929 70.9115406 309.133117 62.3954945 39.1796194 LineTension 0
248 279.26351 74.9804246 76.668953 311.509882 75.0661482 45.8102818 LineTension 0
249 306.536249 100.40476 95.6460418 311.495713 100.353974 45.9806041 LineTension 0
250 313.503561 112.971564 96.725813 316.677689 113.016764 45.9834186 LineTension 0
251 306.49195 125.715719 95.685285 311.557787 125.695152 45.911118 LineTension 0
252 313.423483 138.330381 96.7565383 316.76727 138.325707 45.7734764 LineTension 0
253 306.452275 151.033927 95.695751 311.546097 151.067924 45.8225489 LineTension 0
254 313.404165 11.7312504 96.7502079 316.80652 11.758189 45.7975238 LineTension 0
255 306.46712 24.4405978 95.6837714 311.532359 24.3904388 45.9137842 LineTension 0
256 313.471972 37.1002265 96.7522084 316.722797 37.0803309 45.7563617 LineTension 0
257 306.516393 49.708048 95.6398875 311.515517 49.7534133 45.798199 LineTension 0
258 313.487278 62.4843557 96.721668 316.759701 62.426659 45.7872339 LineTension 0
259 306.509682 75.0209673 95.6569759 311.520921 75.0649637 45.8139606 LineTension 0
260 313.430681 87.7348251 96.6948849 316.899215 87.7505215 45.7929405 LineTension 0
261 341.594384 87.7309413 87.4258308 316.917478 87.750493 45.7538033 LineTension 0
262 347.655603 100.438589 83.6397224 321.288001 100.385578 39.2578994 LineTension 0
263 341.467271 112.990444 87.4460404 316.95182 113.017117 45.6789196 LineTension 0
264 347.550184 125.796548 83.5298691 321.169629 125.573144 39.319488 LineTension 0
265 341.511288 138.329534 87.3484803 316.772809 138.325505 45.7737341 LineTension 0
266 347.559614 151.050295 83.4656606 321.144966 151.007558 39.4182119 LineTension 0
267 341.531548 11.7446716 87.3463652 316.814141 11.7591364 45.7855066 LineTension 0
268 347.581871 24.4027485 83.4858162 321.139064 24.4626587 39.4660854 LineTension 0
269 341.572707 37.1084397 87.3897762 316.72435 37.0800901 45.753808 LineTension 0
270 347.60009 49.689134 83.5420424 321.161573 49.7854849 39.5321937 LineTension 0
271 341.565014 62.4566294 87.4382572 316.772055 62.4265225 45.7622757 LineTension 0
272 347.685559 74.9503999 83.6268183 321.281426 75.1140581 39.4118423 LineTension 0
273 355.727605 100.412586 74.53403 328.039413 100.333497 26.2892748 LineTension 0
274 361.005836 113.061437 70.1562833 333.636117 113.053058 21.065223 LineTension 0
275 355.448245 125.829465 74.6811656 328.198835 125.637531 26.2387031 LineTension 0
276 360.97487 138.409678 70.1829362 333.654642 138.388281 21.0226376 LineTension 0
277 355.302933 151.063396 74.7497857 328.23279 150.982048 26.1608607 LineTension 0
278 360.899585 11.7520354 70.2002453 333.72335 11.7482439 20.9553462 LineTension 0
279 355.383908 24.3498702 74.6853241 328.228514 24.502814 26.1944255 LineTension 0
280 360.976607 37.03924 70.169778 333.605951 37.0784479 21.0517395 LineTension 0
281 355.467606 49.6943603 74.6503801 328.174996 49.7752045 26.2973564 LineTension 0
282 360.977742 62.3749955 70.1307605 333.617857 62.3911492 21.0528278 LineTension 0
283 355.661203 74.9822931 74.5720458 328.022351 75.0964239 26.3221569 LineTension 0
284 361.060973 87.7261505 70.1771409 333.499251 87.7013539 21.1224422 LineTension 0
285 361.073563 87.7224422 70.1742211 352.739538 87.6971089 9.89613654 LineTension 0
286 366.930326 100.432178 69.1065887 360.075144 100.386721 8.80418893 LineTension 0
287 361.045834 113.061643 70.1215107 352.696372 113.047992 9.91888907 LineTension 0
288 367.034924 125.800634 69.0010039 359.976118 125.724293 8.83315504 LineTension 0
289 360.988755 138.409923 70.1771746 352.688949 138.391843 9.93008717 LineTension 0
290 367.128142 151.067969 68.9473372 359.944493 151.015568 8.83365093 LineTension 0
291 361.050841 11.752041 70.1042157 352.641359 11.7414922 9.91913652 LineTension 0
292 367.083839 24.3765783 68.9671112 359.961638 24.412215 8.82922272 LineTension 0
293 360.995929 37.0374328 70.1591475 352.706304 37.0780614 9.91219489 LineTension 0
294 367.029996 49.6912141 68.9987525 359.984744 49.7120911 8.81918892 LineTension 0
295 361.021561 62.3760646 70.0935247 352.636508 62.4039859 9.92962071 LineTension 0
296 366.922264 74.968843 69.0785672 360.07272 75.0785334 8.79601162 LineTension 0
297 366.93533 100.427982 69.1059685 380.822114 100.400096 12.5681891 LineTension 0
298 373.126413 112.992845 71.4346799 387.966995 113.075353 14.7975745 LineTension 0
299 367.086936 125.790686 69.01266 380.829732 125.710167 12.5953709 LineTension 0
300 373.163827 138.345769 71.3901873 387.995519 138.37709 14.8224024 LineTension 0
301 367.127917 151.067256 68.9469835 380.840788 151.016422 12.6013996 LineTension 0
302 373.170512 11.7734876 71.3748647 388.018323 11.7465426 14.8186261 LineTension 0
303 367.088476 24.3727328 68.9671879 380.838284 24.4226717 12.5913809 LineTension 0
304 373.166483 37.124095 71.3956146 387.979983 37.0517625 14.798387 LineTension 0
305 367.046212 49.6888155 69.0028612 380.810442 49.7167075 12.565835 LineTension 0
306 373.098344 62.4206304 71.4070359 387.966115 62.3719377 14.7740369 LineTension 0
307 366.978598 74.9660576 69.0874281 380.808847 75.0598368 12.5471849 LineTension 0
308 373.073073 87.7029963 71.4632297 387.948501 87.7368349 14.7684997 LineTension 0
309 382.489047 87.7021396 76.4139048 397.024945 87.7350394 19.8103824 LineTension 0
310 389.353686 100.340981 78.9950762 403.85152 100.400076 22.4495444 LineTension 0
311 382.519598 112.947779 76.4417355 397.033983 113.061873 19.8422243 LineTension 0
312 389.410729 125.638835 79.0706055 403.870406 125.735337 22.5012375 LineTension 0
313 382.536504 138.323545 76.4851719 397.070162 138.369654 19.8813704 LineTension 0
314 389.409449 151.004702 79.1158477 403.897319 151.040819 22.542012 LineTension 0
315 382.524898 11.7795369 76.4854545 397.090874 11.7496052 19.8900993 LineTension 0
316 389.394132 24.452506 79.0969769 403.901975 24.3988138 22.5356402 LineTension 0
317 382.520115 37.1445758 76.4529516 397.079109 37.0633834 19.8695534 LineTension 0
318 389.384014 49.8037946 79.0327738 403.884696 49.7068722 22.4880523 LineTension 0
319 382.50695 62.4629286 76.4118768 397.05166 62.3806811 19.8201991 LineTension 0
320 389.34438 75.0884411 78.9797388 403.865302 75.0472469 22.442711 LineTension 0
321 404.646693 100.338992 82.7927915 408.076969 100.399086 23.5650725 LineTension 0
322 411.93434 113.013077 83.6206256 415.280078 113.064518 24.0657993 LineTension 0
323 404.667082 125.635496 82.8529628 408.065802 125.733484 23.6090104 LineTension 0
324 411.966557 138.32908 83.6694808 415.268101 138.395565 24.1077664 LineTension 0
325 404.668096 151.005167 82.9003227 408.070431 151.039885 23.6472585 LineTension 0
326 411.962147 11.7457198 83.6947192 415.273021 11.7597654 24.1327565 LineTension 0
327 404.65332 24.4512993 82.8936311 408.083679 24.3992391 23.646355 LineTension 0
328 411.939071 37.1065339 83.6713702 415.289092 37.0540805 24.117119 LineTension 0
329 404.638943 49.8054675 82.840104 408.094013 49.708562 23.6054877 LineTension 0
330 411.910721 62.4367536 83.6223879 415.304173 62.3712539 24.0753359 LineTension 0
331 404.633296 75.0927415 82.7861745 408.091835 75.0489299 23.563076 LineTension 0
332 411.902376 87.7289532 83.5967942 415.299017 87.714937 24.0484287 LineTension 0
333 425.02036 87.7286562 83.3386548 421.516608 87.7154938 23.4898277 LineTension 0
334 432.336876 100.39301 82.8808748 428.772089 100.373604 22.6314945 LineTension 0
335 425.04606 113.014327 83.3463003 421.49171 113.067025 23.4993878 LineTension 0
336 432.374339 125.701112 82.8852411 428.734823 125.710811 22.6406503 LineTension 0
337 425.079077 138.331159 83.3758689 421.459936 138.397493 23.5346348 LineTension 0
338 432.403587 151.014074 82.9016693 428.704312 151.043172 22.6639126 LineTension 0
339 425.08579 11.7461534 83.3974248 421.452608 11.7593588 23.5603473 LineTension 0
340 432.395912 24.4037753 82.913577 428.711009 24.4227936 22.677868 LineTension 0
341 425.060286 37.1047356 83.3907913 421.476834 37.0515821 23.5510377 LineTension 0
342 432.360061 49.7419488 82.9089011 428.749116 49.7322556 22.6686405 LineTension 0
343 425.02788 62.4351161 83.3612054 421.50911 62.3691789 23.516031 LineTension 0
344 432.330244 75.0751867 82.8926405 428.779668 75.0464591 22.645532 LineTension 0
345 441.760518 100.392463 81.8776869 438.04633 100.375039 21.2242996 LineTension 0
346 2.88002766 113.078005 81.3113982 445.328823 113.015661 20.5392697 LineTension 0 l
347 441.797387 125.700801 81.8672681 438.006412 125.714082 21.2168337 LineTension 0
348 2.91719405 138.388783 81.2904942 445.28379 138.349868 20.5187009 LineTension 0 l
349 441.834245 151.014329 81.869217 437.966227 151.045014 21.2260924 LineTension 0
350 2.93951804 11.7405529 81.2897919 445.257554 11.7638909 20.5218429 LineTension 0 l
351 441.834913 24.4042479 81.8815564 437.966366 24.4213979 21.2425224 LineTension 0
352 2.92533052 37.0422936 81.3097862 445.277117 37.1045841 20.5456349 LineTension 0 l
353 441.798695 49.742238 81.8919331 438.006691 49.7289886 21.2497165 LineTension 0
354 2.88817888 62.3770568 81.3307748 445.322159 62.4160488 20.5662888 LineTension 0 l
355 441.761184 75.0750456 81.8900231 438.046466 75.0446089 21.2407401 LineTension 0
356 2.86513282 87.7334944 81.3317148 445.347618 87.7101206 20.5630287 LineTension 0 l
357 10.9303647 87.733661 80.9321791 9.73619097 87.709692 20.1237598 LineTension 0
358 18.2489078 100.410336 80.6917679 17.0512339 100.358305 20.1110583 LineTension 0
359 10.9341548 113.077635 80.9086373 9.72700145 113.017933 20.0941561 LineTension 0
360 18.2536323 125.75678 80.6539008 17.0368742 125.662001 20.063855 LineTension 0
361 10.9602547 138.388281 80.8771722 9.69363507 138.352496 20.0548275 LineTension 0
362 18.2713326 151.05226 80.6219186 17.0116688 151.009448 20.0222233 LineTension 0
363 10.9824494 11.7403951 80.869015 9.66941572 11.7642948 20.0453146 LineTension 0
364 18.2845615 24.3873349 80.6265693 17.0005552 24.4390802 20.0282007 LineTension 0
365 10.9795053 37.0426527 80.8919931 9.67845854 37.1024216 20.075249 LineTension 0
366 18.2801152 49.6865731 80.6627239 17.0145894 49.7814301 20.0757549 LineTension 0
367 10.9535943 62.3775983 80.9236813 9.7120678 62.4133916 20.1143758 LineTension 0
368 18.2621978 75.0360135 80.6961336 17.0400867 75.0790229 20.1171314 LineTension 0
369 28.2203609 100.411223 80.5008495 26.0078399 100.35912 20.4468691 LineTension 0
370 35.5301422 113.083614 79.8582939 33.2845589 113.019297 20.1976303 LineTension 0
371 28.2134561 125.757645 80.4628175 26.0126774 125.66388 20.3997646 LineTension 0
372 35.5105112 138.406998 79.8182019 33.296957 138.334889 20.1503647 LineTension 0
373 28.2123426 151.052282 80.4261917 26.0077461 151.010583 20.3546342 LineTension 0
374 35.5091733 11.7595185 79.7978503 33.294171 11.7460517 20.1228946 LineTension 0
375 28.2244737 24.3863028 80.4259456 25.9955819 24.4386944 20.3551437 LineTension 0
376 35.5320156 37.0459157 79.8106395 33.2784742 37.1040597 20.1407901 LineTension 0
377 28.2420619 49.6856397 80.4619832 25.9925702 49.7794527 20.4009162 LineTension 0
378 35.5532018 62.3521131 79.8495737 33.268028 62.4301264 20.1893085 LineTension 0
379 28.2357036 75.0362383 80.5003746 25.9990321 75.0775998 20.4472717 LineTension 0
380 35.5498009 87.7122136 79.8762266 33.2713247 87.7259508 20.2193423 LineTension 0
381 48.6755748 87.7135191 77.8097092 39.4583009 87.7260107 19.4504347 LineTension 0
382 55.8008682 100.390253 76.0018199 46.5488583 100.378337 17.7350494 LineTension 0
383 48.6717614 113.08428 77.8028338 39.4738157 113.018215 19.4326381 LineTension 0
384 55.7802345 125.73156 76.0028674 46.5856409 125.710816 17.7119534 LineTension 0
385 48.6538053 138.407117 77.7764833 39.5140959 138.334408 19.3907385 LineTension 0
386 55.7443607 151.033614 75.9844136 46.6200687 151.020056 17.6975658 LineTension 0
387 48.6181082 11.7589775 77.7578713 39.5132023 11.7464648 19.367425 LineTension 0
388 55.7432196 24.4269713 75.9655566 46.6108182 24.4036924 17.6706189 LineTension 0
389 48.6615202 37.0437273 77.7612839 39.4982369 37.1042222 19.3768668 LineTension 0
390 55.789914 49.7182544 75.9841578 46.5805177 49.7429806 17.6974689 LineTension 0
391 48.6904423 62.3528552 77.7878917 39.47218 62.4310798 19.418384 LineTension 0
392 55.8060296 75.0290347 75.9882004 46.5479927 75.0736636 17.7198979 LineTension 0
Edges
49  33 34
50  34 35
51  35 36
52  36 37
53  37 38
54  38 33
55  36 39
56  39 40
57  40 41
58  41 42
59  42 37
60  40 43
61  43 44 t
62  44 45 c1b
63  45 46 b c1b c2t
64  46 41
65  44 47
66  47 48
67  48 49
68  49 50
69  50 45
70  48 51
71  51 52
72  52 53
73  53 54
74  54 49
75  52 55
76  55 34
77  33 56
78  56 53
79  35 57
80  57 58
81  58 59
82  59 39
83  59 60
84  60 61
85  61 43 c2t
86  61 62 t c1t c2b
87  62 63
88  63 47
89  63 64
90  64 65
91  65 51
92  65 66
93  66 67
94  67 55
95  67 68
96  68 57
97  68 69
98  69 70
99  70 71
100  71 58
101  71 72
102  72 73
103  73 60
104  73 74
105  74 75 t
106  75 62 c1b
107  75 76
108  76 77
109  77 64
110  77 78
111  78 79
112  79 66
113  79 80
114  80 69
115  70 81
116  81 82
117  82 83
118  83 72
119  83 84
120  84 85
121  85 74 c2t
122  85 86 t c1t c2b
123  86 87
124  87 76
125  87 88
126  88 89
127  89 78
128  89 90
129  90 91
130  91 80
131  91 92
132  92 81
133  92 93
134  93 94
135  94 95
136  95 82
137  95 96
138  96 97
139  97 84
140  97 98
141  98 99 t
142  99 86 c1b
143  99 100
144  100 101
145  101 88
146  101 102
147  102 103
148  103 90
149  103 104
150  104 93
151  94 105
152  105 106
153  106 107
154  107 96
155  107 108
156  108 109
157  109 98 c2t
158  109 110 t c1t c2b
159  110 111
160  111 100
161  111 112
162  112 113
163  113 102
164  113 114
165  114 115
166  115 104
167  115 116
168  116 105
169  116 117
170  117 118
171  118 119
172  119 106
173  119 120
174  120 121
175  121 108
176  121 122
177  122 123 t
178  123 110 c1b
179  123 124
180  124 125
181  125 112
182  125 126
183  126 127
184  127 114
185  127 128
186  128 117
187  118 129
188  129 130
189  130 131
190  131 120
191  131 132
192  132 133
193  133 122 c2t
194  133 134 t c1t c2b
195  134 135
196  135 124
197  135 136
198  136 137
199  137 126
200  137 138
201  138 139
202  139 128
203  139 140
204  140 129
205  140 141
206  141 142
207  142 143
208  143 130
209  143 144
210  144 145
211  145 132
212  145 146
213  146 147 t
214  147 134 c1b
215  147 148
216  148 149
217  149 136
218  149 150
219  150 151
220  151 138
221  151 152
222  152 141
223  142 153
224  153 154
225  154 155
226  155 144
227  155 156
228  156 157
229  157 146 c2t
230  157 158 t c1t c2b
231  158 159
232  159 148
233  159 160
234  160 161
235  161 150
236  161 162
237  162 163
238  163 152
239  163 164
240  164 153
241  164 165
242  165 166
243  166 167
244  167 154
245  167 168
246  168 169
247  169 156
248  169 170
249  170 171 t
250  171 158 c1b
251  171 172
252  172 173
253  173 160
254  173 174
255  174 175
256  175 162
257  175 176
258  176 165
259  166 177
260  177 178
261  178 179
262  179 168
263  179 180
264  180 181
265  181 170 c2t
266  181 182 t c1t c2b
267  182 183
268  183 172
269  183 184
270  184 185
271  185 174
272  185 186
273  186 187
274  187 176
275  187 188
276  188 177
277  188 189
278  189 190
279  190 191
280  191 178
281  191 192
282  192 193
283  193 180
284  193 194
285  194 195 t
286  195 182 c1b
287  195 196
288  196 197
289  197 184
290  197 198
291  198 199
292  199 186
293  199 200
294  200 189
295  190 201
296  201 202
297  202 203
298  203 192
299  203 204
300  204 205
301  205 194 c2t
302  205 206 t c1t c2b
303  206 207
304  207 196
305  207 208
306  208 209
307  209 198
308  209 210
309  210 211
310  211 200
311  211 212
312  212 201
313  212 213
314  213 214
315  214 215
316  215 202
317  215 216
318  216 217
319  217 204
320  217 218
321  218 219 t
322  219 206 c1b
323  219 220
324  220 221
325  221 208
326  221 222
327  222 223
328  223 210
329  223 224
330  224 213
331  214 225
332  225 226
333  226 227
334  227 216
335  227 228
336  228 229
337  229 218 c2t
338  229 230 t c1t c2b
339  230 231
340  231 220
341  231 232
342  232 233
343  233 222
344  233 234
345  234 235
346  235 224
347  235 236
348  236 225
349  236 237
350  237 238
351  238 239
352  239 226
353  239 240
354  240 241
355  241 228
356  241 242
357  242 243 t
358  243 230 c1b
359  243 244
360  244 245
361  245 232
362  245 246
363  246 247
364  247 234
365  247 248
366  248 237
367  238 249
368  249 250
369  250 251
370  251 240
371  251 252
372  252 253
373  253 242 c2t
374  253 254 t c1t c2b
375  254 255
376  255 244
377  255 256
378  256 257
379  257 246
380  257 258
381  258 259
382  259 248
383  259 260
384  260 249
385  260 261
386  261 262
387  262 263
388  263 250
389  263 264
390  264 265
391  265 252
392  265 266
393  266 267 t
394  267 254 c1b
395  267 268
396  268 269
397  269 256
398  269 270
399  270 271
400  271 258
401  271 272
402  272 261
403  262 273
404  273 274
405  274 275
406  275 264
407  275 276
408  276 277
409  277 266 c2t
410  277 278 t c1t c2b
411  278 279
412  279 268
413  279 280
414  280 281
415  281 270
416  281 282
417  282 283
418  283 272
419  283 284
420  284 273
421  284 285
422  285 286
423  286 287
424  287 274
425  287 288
426  288 289
427  289 276
428  289 290
429  290 291 t
430  291 278 c1b
431  291 292
432  292 293
433  293 280
434  293 294
435  294 295
436  295 282
437  295 296
438  296 285
439  286 297
440  297 298
441  298 299
442  299 288
443  299 300
444  300 301
445  301 290 c2t
446  301 302 t c1t c2b
447  302 303
448  303 292
449  303 304
450  304 305
451  305 294
452  305 306
453  306 307
454  307 296
455  307 308
456  308 297
457  308 309
458  309 310
459  310 311
460  311 298
461  311 312
462  312 313
463  313 300
464  313 314
465  314 315 t
466  315 302 c1b
467  315 316
468  316 317
469  317 304
470  317 318
471  318 319
472  319 306
473  319 320
474  320 309
475  310 321
476  321 322
477  322 323
478  323 312
479  323 324
480  324 325
481  325 314 c2t
482  325 326 t c1t c2b
483  326 327
484  327 316
485  327 328
486  328 329
487  329 318
488  329 330
489  330 331
490  331 320
491  331 332
492  332 321
493  332 333
494  333 334
495  334 335
496  335 322
497  335 336
498  336 337
499  337 324
500  337 338
501  338 339 t
502  339 326 c1b
503  339 340
504  340 341
505  341 328
506  341 342
507  342 343
508  343 330
509  343 344
510  344 333
511  334 345
512  345 346 r
513  346 347 l c1r c2l
514  347 336
515  347 348 r
516  348 349 l c1r c2l
517  349 338 c2t
518  349 350 r t c1t c2b
519  350 351 l c1r c2l
520  351 340
521  351 352 r
522  352 353 l c1r c2l
523  353 342
524  353 354 r
525  354 355 l c1r c2l
526  355 344
527  355 356 r
528  356 345 l c1r c2l
529  356 357
530  357 358
531  358 359
532  359 346
533  359 360
534  360 361
535  361 348
536  361 362
537  362 363 t
538  363 350 c1b
539  363 364
540  364 365
541  365 352
542  365 366
543  366 367
544  367 354
545  367 368
546  368 357
547  358 369
548  369 370
549  370 371
550  371 360
551  371 372
552  372 373
553  373 362 c2t
554  373 374 t c1t c2b
555  374 375
556  375 364
557  375 376
558  376 377
559  377 366
560  377 378
561  378 379
562  379 368
563  379 380
564  380 369
565  380 381
566  381 382
567  382 383
568  383 370
569  383 384
570  384 385
571  385 372
572  385 386
573  386 387 t
574  387 374 c1b
575  387 388
576  388 389
577  389 376
578  389 390
579  390 391
580  391 378
581  391 392
582  392 381
583  382 38
584  42 384
585  46 386 c2t
586  50 388
587  54 390
588  56 392
Cells
17 49 50 51 52 53 54 Type 1
18 -52 55 56 57 58 59 Type 1
19 -57 60 61 62 63 64 Type 1
20 -62 65 66 67 68 69 Type 1
21 -67 70 71 72 73 74 Type 1
22 -72 75 76 -49 77 78 Type 1
23 79 80 81 82 -55 -51 Type 1
24 -82 83 84 85 -60 -56 Type 1
25 -85 86 87 88 -65 -61 Type 1
26 -88 89 90 91 -70 -66 Type 1
27 -91 92 93 94 -75 -71 Type 1
28 -94 95 96 -79 -50 -76 Type 1
29 97 98 99 100 -80 -96 Type 1
30 -100 101 102 103 -83 -81 Type 1
31 -103 104 105 106 -86 -84 Type 1
32 -106 107 108 109 -89 -87 Type 1
33 -109 110 111 112 -92 -90 Type 1
34 -112 113 114 -97 -95 -93 Type 1
35 115 116 117 118 -101 -99 Type 1
36 -118 119 120 121 -104 -102 Type 1
37 -121 122 123 124 -107 -105 Type 1
38 -124 125 126 127 -110 -108 Type 1
39 -127 128 129 130 -113 -111 Type 1
40 -130 131 132 -115 -98 -114 Type 1
41 133 134 135 136 -116 -132 Type 1
42 -136 137 138 139 -119 -117 Type 1
43 -139 140 141 142 -122 -120 Type 1
44 -142 143 144 145 -125 -123 Type 1
45 -145 146 147 148 -128 -126 Type 1
46 -148 149 150 -133 -131 -129 Type 1
47 151 152 153 154 -137 -135 Type 1
48 -154 155 156 157 -140 -138 Type 1
49 -157 158 159 160 -143 -141 Type 1
50 -160 161 162 163 -146 -144 Type 1
51 -163 164 165 166 -149 -147 Type 1
52 -166 167 168 -151 -134 -150 Type 1
53 169 170 171 172 -152 -168 Type 1
54 -172 173 174 175 -155 -153 Type 1
55 -175 176 177 178 -158 -156 Type 1
56 -178 179 180 181 -161 -159 Type 1
57 -181 182 183 184 -164 -162 Type 1
58 -184 185 186 -169 -167 -165 Type 1
59 187 188 189 190 -173 -171 Type 1
60 -190 191 192 193 -176 -174 Type 1
61 -193 194 195 196 -179 -177 Type 1
62 -196 197 198 199 -182 -180 Type 1
63 -199 200 201 202 -185 -183 Type 1
64 -202 203 204 -187 -170 -186 Type 1
65 205 206 207 208 -188 -204 Type 1
66 -208 209 210 211 -191 -189 Type 1
67 -211 212 213 214 -194 -192 Type 1
68 -214 215 216 217 -197 -195 Type 1
69 -217 218 219 220 -200 -198 Type 1
70 -220 221 222 -205 -203 -201 Type 1
71 223 224 225 226 -209 -207 Type 1
72 -226 227 228 229 -212 -210 Type 1
73 -229 230 231 232 -215 -213 Type 1
74 -232 233 234 235 -218 -216 Type 1
75 -235 236 237 238 -221 -219 Type 1
76 -238 239 240 -223 -206 -222 Type 1
77 241 242 243 244 -224 -240 Type 2
78 -244 245 246 247 -227 -225 Type 2
79 -247 248 249 250 -230 -228 Type 2
80 -250 251 252 253 -233 -231 Type 2
81 -253 254 255 256 -236 -234 Type 2
82 -256 257 258 -241 -239 -237 Type 2
83 259 260 261 262 -245 -243 Type 2
84 -262 263 264 265 -248 -246 Type 2
85 -265 266 267 268 -251 -249 Type 2
86 -268 269 270 271 -254 -252 Type 2
87 -271 272 273 274 -257 -255 Type 2
88 -274 275 276 -259 -242 -258 Type 2
89 277 278 279 280 -260 -276 Type 1
90 -280 281 282 283 -263 -261 Type 1
91 -283 284 285 286 -266 -264 Type 1
92 -286 287 288 289 -269 -267 Type 1
93 -289 290 291 292 -272 -270 Type 1
94 -292 293 294 -277 -275 -273 Type 1
95 295 296 297 298 -281 -279 Type 1
96 -298 299 300 301 -284 -282 Type 1
97 -301 302 303 304 -287 -285 Type 1
98 -304 305 306 307 -290 -288 Type 1
99 -307 308 309 310 -293 -291 Type 1
100 -310 311 312 -295 -278 -294 Type 1
101 313 314 315 316 -296 -312 Type 1
102 -316 317 318 319 -299 -297 Type 1
103 -319 320 321 322 -302 -300 Type 1
104 -322 323 324 325 -305 -303 Type 1
105 -325 326 327 328 -308 -306 Type 1
106 -328 329 330 -313 -311 -309 Type 1
107 331 332 333 334 -317 -315 Type 1
108 -334 335 336 337 -320 -318 Type 1
109 -337 338 339 340 -323 -321 Type 1
110 -340 341 342 343 -326 -324 Type 1
111 -343 344 345 346 -329 -327 Type 1
112 -346 347 348 -331 -314 -330 Type 1
113 349 350 351 352 -332 -348 Type 1
114 -352 353 354 355 -335 -333 Type 1
115 -355 356 357 358 -338 -336 Type 1
116 -358 359 360 361 -341 -339 Type 1
117 -361 362 363 364 -344 -342 Type 1
118 -364 365 366 -349 -347 -345 Type 1
119 367 368 369 370 -353 -351 Type 1
120 -370 371 372 373 -356 -354 Type 1
121 -373 374 375 376 -359 -357 Type 1
122 -376 377 378 379 -362 -360 Type 1
123 -379 380 381 382 -365 -363 Type 1
124 -382 383 384 -367 -350 -366 Type 1
125 385 386 387 388 -368 -384 Type 1
126 -388 389 390 391 -371 -369 Type 1
127 -391 392 393 394 -374 -372 Type 1
128 -394 395 396 397 -377 -375 Type 1
129 -397 398 399 400 -380 -378 Type 1
130 -400 401 402 -385 -383 -381 Type 1
131 403 404 405 406 -389 -387 Type 1
132 -406 407 408 409 -392 -390 Type 1
133 -409 410 411 412 -395 -393 Type 1
134 -412 413 414 415 -398 -396 Type 1
135 -415 416 417 418 -401 -399 Type 1
136 -418 419 420 -403 -386 -402 Type 1
137 421 422 423 424 -404 -420 Type 1
138 -424 425 426 427 -407 -405 Type 1
139 -427 428 429 430 -410 -408 Type 1
140 -430 431 432 433 -413 -411 Type 1
141 -433 434 435 436 -416 -414 Type 1
142 -436 437 438 -421 -419 -417 Type 1
143 439 440 441 442 -425 -423 Type 1
144 -442 443 444 445 -428 -426 Type 1
145 -445 446 447 448 -431 -429 Type 1
146 -448 449 450 451 -434 -432 Type 1
147 -451 452 453 454 -437 -435 Type 1
148 -454 455 456 -439 -422 -438 Type 1
149 457 458 459 460 -440 -456 Type 1
150 -460 461 462 463 -443 -441 Type 1
151 -463 464 465 466 -446 -444 Type 1
152 -466 467 468 469 -449 -447 Type 1
153 -469 470 471 472 -452 -450 Type 1
154 -472 473 474 -457 -455 -453 Type 1
155 475 476 477 478 -461 -459 Type 1
156 -478 479 480 481 -464 -462 Type 1
157 -481 482 483 484 -467 -465 Type 1
158 -484 485 486 487 -470 -468 Type 1
159 -487 488 489 490 -473 -471 Type 1
160 -490 491 492 -475 -458 -474 Type 1
161 493 494 495 496 -476 -492 Type 1
162 -496 497 498 499 -479 -477 Type 1
163 -499 500 501 502 -482 -480 Type 1
164 -502 503 504 505 -485 -483 Type 1
165 -505 506 507 508 -488 -486 Type 1
166 -508 509 510 -493 -491 -489 Type 1
167 511 512 513 514 -497 -495 Type 1
168 -514 515 516 517 -500 -498 Type 1
169 -517 518 519 520 -503 -501 Type 1
170 -520 521 522 523 -506 -504 Type 1
171 -523 524 525 526 -509 -507 Type 1
172 -526 527 528 -511 -494 -510 Type 1
173 529 530 531 532 -512 -528 Type 1
174 -532 533 534 535 -515 -513 Type 1
175 -535 536 537 538 -518 -516 Type 1
176 -538 539 540 541 -521 -519 Type 1
177 -541 542 543 544 -524 -522 Type 1
178 -544 545 546 -529 -527 -525 Type 1
179 547 548 549 550 -533 -531 Type 1
180 -550 551 552 553 -536 -534 Type 1
181 -553 554 555 556 -539 -537 Type 1
182 -556 557 558 559 -542 -540 Type 1
183 -559 560 561 562 -545 -543 Type 1
184 -562 563 564 -547 -530 -546 Type 1
185 565 566 567 568 -548 -564 Type 1
186 -568 569 570 571 -551 -549 Type 1
187 -571 572 573 574 -554 -552 Type 1
188 -574 575 576 577 -557 -555 Type 1
189 -577 578 579 580 -560 -558 Type 1
190 -580 581 582 -565 -563 -561 Type 1
191 583 -53 -59 584 -569 -567 Type 1
192 -584 -58 -64 585 -572 -570 Type 1
193 -585 -63 -69 586 -575 -573 Type 1
194 -586 -68 -74 587 -578 -576 Type 1
195 -587 -73 -78 588 -581 -579 Type 1
196 -588 -77 -54 -583 -566 -582 Type 1
